% function evaluation | noise-free fitness - Fopt (-2.098800000000e+02) | best noise-free fitness - Fopt | measured fitness | best measured fitness | x1 | x2...
1 +2.448780934e+05 +2.448780934e+05 +2.446682134e+05 +2.446682134e+05 +2.6209e+00 -5.2164e-02
12 +6.209029611e+04 +6.209029611e+04 +6.188041611e+04 +6.188041611e+04 -4.4293e+00 +1.9816e-01
23 +2.620664528e+02 +2.620664528e+02 +5.218645284e+01 +5.218645284e+01 -4.2647e+00 +4.3303e-01
61 +1.192071629e+02 +1.192071629e+02 -9.067283714e+01 -9.067283714e+01 -2.3961e+00 +4.3727e-01
147 +2.287973265e+00 +2.287973265e+00 -2.075920267e+02 -2.075920267e+02 -9.6592e-02 +4.4853e-01
622 +5.597726806e-01 +5.597726806e-01 -2.093202273e+02 -2.093202273e+02 +8.2880e-01 +4.4864e-01
693 +1.085320947e-01 +1.085320947e-01 -2.097714679e+02 -2.097714679e+02 +9.0201e-01 +4.4812e-01
728 +3.333172904e-02 +3.333172904e-02 -2.098466683e+02 -2.098466683e+02 +1.0330e+00 +4.4799e-01
774 +3.833226170e-03 +3.833226170e-03 -2.098761668e+02 -2.098761668e+02 +1.1447e+00 +4.4802e-01
777 +2.233685602e-03 +2.233685602e-03 -2.098777663e+02 -2.098777663e+02 +1.2221e+00 +4.4796e-01
824 +9.739895896e-04 +9.739895896e-04 -2.098790260e+02 -2.098790260e+02 +1.2410e+00 +4.4800e-01
858 +6.299606584e-04 +6.299606584e-04 -2.098793700e+02 -2.098793700e+02 +1.2308e+00 +4.4800e-01
924 +3.885099764e-04 +3.885099764e-04 -2.098796115e+02 -2.098796115e+02 +1.2273e+00 +4.4800e-01
982 +9.750216282e-05 +9.750216282e-05 -2.098799025e+02 -2.098799025e+02 +1.2166e+00 +4.4800e-01
1043 +6.269623225e-05 +6.269623225e-05 -2.098799373e+02 -2.098799373e+02 +1.2147e+00 +4.4800e-01
1082 +3.285036939e-05 +3.285036939e-05 -2.098799671e+02 -2.098799671e+02 +1.2125e+00 +4.4800e-01
1120 +6.335624931e-06 +6.335624931e-06 -2.098799937e+02 -2.098799937e+02 +1.2059e+00 +4.4800e-01
1152 +5.549267343e-06 +5.549267343e-06 -2.098799945e+02 -2.098799945e+02 +1.2081e+00 +4.4800e-01
1158 +6.991757004e-07 +6.991757004e-07 -2.098799993e+02 -2.098799993e+02 +1.2079e+00 +4.4800e-01
1224 +6.566045840e-08 +6.566045840e-08 -2.098799999e+02 -2.098799999e+02 +1.2069e+00 +4.4800e-01
1274 +1.799494953e-08 +1.799494953e-08 -2.098800000e+02 -2.098800000e+02 +1.2073e+00 +4.4800e-01
1309 +1.059422061e-08 +1.059422061e-08 -2.098800000e+02 -2.098800000e+02 +1.2073e+00 +4.4800e-01
1314 +7.678835345e-09 +7.678835345e-09 -2.098800000e+02 -2.098800000e+02 +1.2072e+00 +4.4800e-01
% function evaluation | noise-free fitness - Fopt (-9.209000000000e+01) | best noise-free fitness - Fopt | measured fitness | best measured fitness | x1 | x2...
1 +1.488518432e+04 +1.488518432e+04 +1.479309432e+04 +1.479309432e+04 +2.5651e+00 +2.5023e+00
51 +2.416654622e+02 +2.416654622e+02 +1.495754622e+02 +1.495754622e+02 +2.4935e+00 +2.6373e+00
128 +3.561400797e+00 +3.561400797e+00 -8.852859920e+01 -8.852859920e+01 +2.5598e+00 +2.6208e+00
476 +2.100049865e-01 +2.100049865e-01 -9.187999501e+01 -9.187999501e+01 +1.0081e+00 +2.6219e+00
554 +1.170070033e-01 +1.170070033e-01 -9.197299300e+01 -9.197299300e+01 +1.0636e+00 +2.6216e+00
576 +5.631118777e-02 +5.631118777e-02 -9.203368881e+01 -9.203368881e+01 +9.1873e-01 +2.6217e+00
629 +3.521418691e-02 +3.521418691e-02 -9.205478581e+01 -9.205478581e+01 +7.6179e-01 +2.6214e+00
729 +1.167805248e-02 +1.167805248e-02 -9.207832195e+01 -9.207832195e+01 +7.8184e-01 +2.6215e+00
778 +7.317321120e-03 +7.317321120e-03 -9.208268268e+01 -9.208268268e+01 +7.7044e-01 +2.6215e+00
783 +3.886698142e-03 +3.886698142e-03 -9.208611330e+01 -9.208611330e+01 +7.8297e-01 +2.6216e+00
883 +2.399781800e-03 +2.399781800e-03 -9.208760022e+01 -9.208760022e+01 +7.7014e-01 +2.6216e+00
901 +8.962679316e-04 +8.962679316e-04 -9.208910373e+01 -9.208910373e+01 +7.5226e-01 +2.6216e+00
951 +3.719842780e-04 +3.719842780e-04 -9.208962802e+01 -9.208962802e+01 +7.4442e-01 +2.6216e+00
1003 +2.297870634e-04 +2.297870634e-04 -9.208977021e+01 -9.208977021e+01 +7.4071e-01 +2.6216e+00
1054 +8.239363613e-05 +8.239363613e-05 -9.208991761e+01 -9.208991761e+01 +7.3427e-01 +2.6216e+00
1076 +5.103309996e-05 +5.103309996e-05 -9.208994897e+01 -9.208994897e+01 +7.2325e-01 +2.6216e+00
1111 +3.021196028e-05 +3.021196028e-05 -9.208996979e+01 -9.208996979e+01 +7.3045e-01 +2.6216e+00
1126 +2.140193469e-05 +2.140193469e-05 -9.208997860e+01 -9.208997860e+01 +7.2159e-01 +2.6216e+00
1151 +3.176508585e-06 +3.176508585e-06 -9.208999682e+01 -9.208999682e+01 +7.2616e-01 +2.6216e+00
1211 +1.529462153e-06 +1.529462153e-06 -9.208999847e+01 -9.208999847e+01 +7.2665e-01 +2.6216e+00
1276 +4.182457189e-07 +4.182457189e-07 -9.208999958e+01 -9.208999958e+01 +7.2506e-01 +2.6216e+00
1317 +2.211543233e-07 +2.211543233e-07 -9.208999978e+01 -9.208999978e+01 +7.2589e-01 +2.6216e+00
1328 +5.681228288e-08 +5.681228288e-08 -9.208999994e+01 -9.208999994e+01 +7.2582e-01 +2.6216e+00
1394 +1.023543916e-08 +1.023543916e-08 -9.208999999e+01 -9.208999999e+01 +7.2563e-01 +2.6216e+00
1411 +5.863327601e-09 +5.863327601e-09 -9.208999999e+01 -9.208999999e+01 +7.2565e-01 +2.6216e+00
% function evaluation | noise-free fitness - Fopt (-8.789000000000e+01) | best noise-free fitness - Fopt | measured fitness | best measured fitness | x1 | x2...
1 +4.943426048e+07 +4.943426048e+07 +4.943417259e+07 +4.943417259e+07 +3.4969e+00 -3.7652e+00
3 +2.730742732e+05 +2.730742732e+05 +2.729863832e+05 +2.729863832e+05 -3.0137e-01 +3.1045e+00
9 +8.072020040e+04 +8.072020040e+04 +8.063231040e+04 +8.063231040e+04 +4.9334e+00 +3.3627e+00
27 +6.381677670e+03 +6.381677670e+03 +6.293787670e+03 +6.293787670e+03 -2.3993e+00 +3.5587e+00
53 +3.297830973e+03 +3.297830973e+03 +3.209940973e+03 +3.209940973e+03 -9.8907e-01 +3.5857e+00
109 +4.162077818e+02 +4.162077818e+02 +3.283177818e+02 +3.283177818e+02 +2.9334e+00 +3.6661e+00
165 +3.835271927e+01 +3.835271927e+01 -4.953728073e+01 -4.953728073e+01 +2.1175e+00 +3.6397e+00
215 +3.530877086e+00 +3.530877086e+00 -8.435912291e+01 -8.435912291e+01 +2.1215e+00 +3.6451e+00
375 +2.187212323e-01 +2.187212323e-01 -8.767127877e+01 -8.767127877e+01 +6.9748e-01 +3.6454e+00
525 +1.510544717e-01 +1.510544717e-01 -8.773894553e+01 -8.773894553e+01 +6.3289e-01 +3.6455e+00
721 +5.468244152e-02 +5.468244152e-02 -8.783531756e+01 -8.783531756e+01 +3.4232e-01 +3.6458e+00
754 +5.939796018e-03 +5.939796018e-03 -8.788406020e+01 -8.788406020e+01 +1.8685e-01 +3.6457e+00
814 +1.036641363e-04 +1.036641363e-04 -8.788989634e+01 -8.788989634e+01 +2.3169e-01 +3.6456e+00
904 +2.228397443e-05 +2.228397443e-05 -8.788997772e+01 -8.788997772e+01 +2.3855e-01 +3.6456e+00
971 +5.185103660e-06 +5.185103660e-06 -8.788999481e+01 -8.788999481e+01 +2.3917e-01 +3.6456e+00
1004 +1.904043273e-06 +1.904043273e-06 -8.788999810e+01 -8.788999810e+01 +2.4006e-01 +3.6456e+00
1123 +1.383195269e-06 +1.383195269e-06 -8.788999862e+01 -8.788999862e+01 +2.3826e-01 +3.6456e+00
1164 +6.849708285e-07 +6.849708285e-07 -8.788999932e+01 -8.788999932e+01 +2.3895e-01 +3.6456e+00
1231 +5.266858523e-07 +5.266858523e-07 -8.788999947e+01 -8.788999947e+01 +2.3866e-01 +3.6456e+00
1301 +1.966064218e-07 +1.966064218e-07 -8.788999980e+01 -8.788999980e+01 +2.3891e-01 +3.6456e+00
1351 +1.098009363e-07 +1.098009363e-07 -8.788999989e+01 -8.788999989e+01 +2.3899e-01 +3.6456e+00
1423 +5.850283458e-08 +5.850283458e-08 -8.788999994e+01 -8.788999994e+01 +2.3916e-01 +3.6456e+00
1454 +2.605629845e-08 +2.605629845e-08 -8.788999997e+01 -8.788999997e+01 +2.3923e-01 +3.6456e+00
1468 +1.603639532e-08 +1.603639532e-08 -8.788999998e+01 -8.788999998e+01 +2.3908e-01 +3.6456e+00
1515 +1.367658342e-08 +1.367658342e-08 -8.788999999e+01 -8.788999999e+01 +2.3909e-01 +3.6456e+00
1525 +6.420009413e-09 +6.420009413e-09 -8.788999999e+01 -8.788999999e+01 +2.3927e-01 +3.6456e+00
% function evaluation | noise-free fitness - Fopt (3.201900000000e+02) | best noise-free fitness - Fopt | measured fitness | best measured fitness | x1 | x2...
1 +2.782348864e+07 +2.782348864e+07 +2.782380883e+07 +2.782380883e+07 -2.0535e+00 +2.9778e+00
2 +5.522959087e+05 +5.522959087e+05 +5.526160987e+05 +5.526160987e+05 -4.0421e+00 -1.5455e+00
20 +1.479477797e+04 +1.479477797e+04 +1.511496797e+04 +1.511496797e+04 -2.2205e+00 -2.2393e+00
68 +2.985697373e+02 +2.985697373e+02 +6.187597373e+02 +6.187597373e+02 -4.7977e+00 -2.3772e+00
138 +4.574310565e+01 +4.574310565e+01 +3.659331057e+02 +3.659331057e+02 -4.4899e+00 -2.3551e+00
220 +3.034823499e+01 +3.034823499e+01 +3.505382350e+02 +3.505382350e+02 -2.8698e+00 -2.3561e+00
268 +1.200406060e+01 +1.200406060e+01 +3.321940606e+02 +3.321940606e+02 -3.4554e+00 -2.3590e+00
418 +8.917837111e+00 +8.917837111e+00 +3.291078371e+02 +3.291078371e+02 -3.4436e+00 -2.3613e+00
804 +5.241018791e-01 +5.241018791e-01 +3.207141019e+02 +3.207141019e+02 -1.1170e+00 -2.3612e+00
956 +2.830719743e-01 +2.830719743e-01 +3.204730720e+02 +3.204730720e+02 -9.7019e-01 -2.3609e+00
957 +1.732785464e-01 +1.732785464e-01 +3.203632785e+02 +3.203632785e+02 -7.7362e-01 -2.3606e+00
963 +1.420471812e-01 +1.420471812e-01 +3.203320472e+02 +3.203320472e+02 -7.9639e-01 -2.3608e+00
1013 +8.543459488e-02 +8.543459488e-02 +3.202754346e+02 +3.202754346e+02 -6.5992e-01 -2.3606e+00
1043 +1.798282886e-02 +1.798282886e-02 +3.202079828e+02 +3.202079828e+02 -4.3031e-01 -2.3607e+00
1106 +1.146512731e-02 +1.146512731e-02 +3.202014651e+02 +3.202014651e+02 -5.3924e-01 -2.3608e+00
1111 +1.464546112e-03 +1.464546112e-03 +3.201914645e+02 +3.201914645e+02 -3.9384e-01 -2.3608e+00
1156 +3.331774251e-04 +3.331774251e-04 +3.201903332e+02 +3.201903332e+02 -4.2590e-01 -2.3608e+00
1261 +4.130086154e-05 +4.130086154e-05 +3.201900413e+02 +3.201900413e+02 -4.2675e-01 -2.3608e+00
1352 +1.024392571e-05 +1.024392571e-05 +3.201900102e+02 +3.201900102e+02 -4.2990e-01 -2.3608e+00
1356 +5.426823861e-06 +5.426823861e-06 +3.201900054e+02 +3.201900054e+02 -4.3511e-01 -2.3608e+00
1406 +3.933979201e-06 +3.933979201e-06 +3.201900039e+02 +3.201900039e+02 -4.3485e-01 -2.3608e+00
1509 +9.334974038e-08 +9.334974038e-08 +3.201900001e+02 +3.201900001e+02 -4.3262e-01 -2.3608e+00
1597 +5.758295174e-08 +5.758295174e-08 +3.201900001e+02 +3.201900001e+02 -4.3273e-01 -2.3608e+00
1610 +1.289816964e-08 +1.289816964e-08 +3.201900000e+02 +3.201900000e+02 -4.3286e-01 -2.3608e+00
1656 +8.070969670e-09 +8.070969670e-09 +3.201900000e+02 +3.201900000e+02 -4.3277e-01 -2.3608e+00
% function evaluation | noise-free fitness - Fopt (-1.042400000000e+02) | best noise-free fitness - Fopt | measured fitness | best measured fitness | x1 | x2...
1 +9.480112749e+05 +9.480112749e+05 +9.479070349e+05 +9.479070349e+05 +1.5732e+00 -4.9014e+00
3 +3.017589829e+05 +3.017589829e+05 +3.016547429e+05 +3.016547429e+05 -3.5435e+00 -3.3925e+00
15 +1.018175879e+05 +1.018175879e+05 +1.017133479e+05 +1.017133479e+05 -2.7196e+00 -4.2337e+00
16 +2.924756586e+04 +2.924756586e+04 +2.914332586e+04 +2.914332586e+04 +4.5199e+00 -3.7487e+00
24 +3.816710259e+03 +3.816710259e+03 +3.712470259e+03 +3.712470259e+03 +1.5378e+00 -3.9868e+00
51 +3.193586885e+02 +3.193586885e+02 +2.151186885e+02 +2.151186885e+02 +1.9536e+00 -3.9014e+00
124 +6.060954659e+01 +6.060954659e+01 -4.363045341e+01 -4.363045341e+01 +1.6275e+00 -3.9124e+00
238 +4.167801778e+00 +4.167801778e+00 -1.000721982e+02 -1.000721982e+02 +1.8391e+00 -3.9184e+00
316 +2.092869538e+00 +2.092869538e+00 -1.021471305e+02 -1.021471305e+02 +1.8571e+00 -3.9202e+00
767 +1.423299543e+00 +1.423299543e+00 -1.028167005e+02 -1.028167005e+02 +1.3767e+00 -3.9193e+00
852 +7.057222818e-01 +7.057222818e-01 -1.035342777e+02 -1.035342777e+02 +1.2308e+00 -3.9197e+00
978 +6.208112840e-01 +6.208112840e-01 -1.036191887e+02 -1.036191887e+02 +9.8043e-01 -3.9195e+00
1043 +2.876156203e-01 +2.876156203e-01 -1.039523844e+02 -1.039523844e+02 +9.0995e-01 -3.9199e+00
1048 +1.944169952e-01 +1.944169952e-01 -1.040455830e+02 -1.040455830e+02 +8.5232e-01 -3.9200e+00
1093 +1.397907921e-01 +1.397907921e-01 -1.041002092e+02 -1.041002092e+02 +7.6830e-01 -3.9201e+00
1117 +8.652449476e-02 +8.652449476e-02 -1.041534755e+02 -1.041534755e+02 +6.7555e-01 -3.9199e+00
1167 +6.241164801e-02 +6.241164801e-02 -1.041775884e+02 -1.041775884e+02 +6.4140e-01 -3.9200e+00
1302 +3.250591256e-02 +3.250591256e-02 -1.042074941e+02 -1.042074941e+02 +5.6164e-01 -3.9199e+00
1348 +1.704861515e-02 +1.704861515e-02 -1.042229514e+02 -1.042229514e+02 +5.2708e-01 -3.9200e+00
1367 +1.566650298e-02 +1.566650298e-02 -1.042243335e+02 -1.042243335e+02 +5.0432e-01 -3.9200e+00
1417 +8.630537221e-03 +8.630537221e-03 -1.042313695e+02 -1.042313695e+02 +4.8425e-01 -3.9200e+00
1418 +3.867199921e-03 +3.867199921e-03 -1.042361328e+02 -1.042361328e+02 +4.5395e-01 -3.9200e+00
1458 +1.218353059e-03 +1.218353059e-03 -1.042387816e+02 -1.042387816e+02 +4.3191e-01 -3.9200e+00
1506 +8.669034250e-04 +8.669034250e-04 -1.042391331e+02 -1.042391331e+02 +4.2261e-01 -3.9200e+00
1543 +1.075376746e-04 +1.075376746e-04 -1.042398925e+02 -1.042398925e+02 +4.0349e-01 -3.9200e+00
1552 +5.603959008e-05 +5.603959008e-05 -1.042399440e+02 -1.042399440e+02 +3.9725e-01 -3.9200e+00
1572 +5.328935956e-06 +5.328935956e-06 -1.042399947e+02 -1.042399947e+02 +3.9558e-01 -3.9200e+00
1672 +3.398077695e-07 +3.398077695e-07 -1.042399997e+02 -1.042399997e+02 +3.9433e-01 -3.9200e+00
1756 +2.428478751e-07 +2.428478751e-07 -1.042399998e+02 -1.042399998e+02 +3.9458e-01 -3.9200e+00
1824 +1.002637759e-07 +1.002637759e-07 -1.042399999e+02 -1.042399999e+02 +3.9449e-01 -3.9200e+00
1840 +1.106002401e-09 +1.106002401e-09 -1.042400000e+02 -1.042400000e+02 +3.9438e-01 -3.9200e+00
% function evaluation | noise-free fitness - Fopt (6.359000000000e+01) | best noise-free fitness - Fopt | measured fitness | best measured fitness | x1 | x2...
1 +2.454573956e+07 +2.454573956e+07 +2.454580315e+07 +2.454580315e+07 -2.6578e+00 +3.3303e+00
3 +5.031890567e+06 +5.031890567e+06 +5.031954157e+06 +5.031954157e+06 -2.3447e+00 +4.7781e-01
6 +2.639035115e+05 +2.639035115e+05 +2.639671015e+05 +2.639671015e+05 +4.1985e+00 -2.2086e+00
16 +2.181902022e+05 +2.181902022e+05 +2.182537922e+05 +2.182537922e+05 +2.4357e+00 -1.2031e+00
27 +1.187728774e+05 +1.187728774e+05 +1.188364674e+05 +1.188364674e+05 +3.1315e+00 -2.0168e+00
29 +1.436699916e+02 +1.436699916e+02 +2.072599916e+02 +2.072599916e+02 -4.8291e+00 -1.6695e+00
111 +1.216368024e+01 +1.216368024e+01 +7.575368024e+01 +7.575368024e+01 +1.9234e+00 -1.6829e+00
311 +9.057553387e+00 +9.057553387e+00 +7.264755339e+01 +7.264755339e+01 +1.9200e+00 -1.6799e+00
340 +3.315958743e+00 +3.315958743e+00 +6.690595874e+01 +6.690595874e+01 -6.9273e-01 -1.6827e+00
389 +2.042482783e+00 +2.042482783e+00 +6.563248278e+01 +6.563248278e+01 +3.1151e-01 -1.6812e+00
490 +1.572590934e+00 +1.572590934e+00 +6.516259093e+01 +6.516259093e+01 -3.6364e-01 -1.6819e+00
561 +8.534887869e-01 +8.534887869e-01 +6.444348879e+01 +6.444348879e+01 -4.8795e-01 -1.6817e+00
669 +5.285649345e-01 +5.285649345e-01 +6.411856493e+01 +6.411856493e+01 -5.7912e-01 -1.6814e+00
678 +4.268382328e-02 +4.268382328e-02 +6.363268382e+01 +6.363268382e+01 -1.0897e+00 -1.6807e+00
740 +6.857012468e-03 +6.857012468e-03 +6.359685701e+01 +6.359685701e+01 -9.6437e-01 -1.6809e+00
825 +9.639867378e-04 +9.639867378e-04 +6.359096399e+01 +6.359096399e+01 -9.0722e-01 -1.6808e+00
951 +2.916824864e-04 +2.916824864e-04 +6.359029168e+01 +6.359029168e+01 -9.2926e-01 -1.6808e+00
952 +1.054906907e-04 +1.054906907e-04 +6.359010549e+01 +6.359010549e+01 -9.1333e-01 -1.6808e+00
1026 +8.073213937e-05 +8.073213937e-05 +6.359008073e+01 +6.359008073e+01 -9.3261e-01 -1.6808e+00
1073 +5.103243204e-06 +5.103243204e-06 +6.359000510e+01 +6.359000510e+01 -9.2550e-01 -1.6808e+00
1117 +3.310218688e-06 +3.310218688e-06 +6.359000331e+01 +6.359000331e+01 -9.2490e-01 -1.6808e+00
1152 +1.340682978e-06 +1.340682978e-06 +6.359000134e+01 +6.359000134e+01 -9.2431e-01 -1.6808e+00
1167 +2.506976031e-07 +2.506976031e-07 +6.359000025e+01 +6.359000025e+01 -9.2350e-01 -1.6808e+00
1202 +2.431535506e-08 +2.431535506e-08 +6.359000002e+01 +6.359000002e+01 -9.2307e-01 -1.6808e+00
1351 +5.476358922e-09 +5.476358922e-09 +6.359000001e+01 +6.359000001e+01 -9.2313e-01 -1.6808e+00
% function evaluation | noise-free fitness - Fopt (-5.712900000000e+02) | best noise-free fitness - Fopt | measured fitness | best measured fitness | x1 | x2...
1 +1.295019860e+06 +1.295019860e+06 +1.294448570e+06 +1.294448570e+06 +4.0610e+00 -1.2025e+00
2 +5.589355141e+05 +5.589355141e+05 +5.583642241e+05 +5.583642241e+05 +4.9693e+00 -9.1276e-01
4 +3.922572499e+05 +3.922572499e+05 +3.916859599e+05 +3.916859599e+05 +3.8062e+00 -7.9014e-01
12 +7.354164833e+04 +7.354164833e+04 +7.297035833e+04 +7.297035833e+04 -3.0579e+00 +1.6135e-01
33 +7.642828121e+03 +7.642828121e+03 +7.071538121e+03 +7.071538121e+03 -4.7573e+00 -1.9971e-01
94 +5.925074925e+03 +5.925074925e+03 +5.353784925e+03 +5.353784925e+03 -4.4148e+00 -1.9064e-01
99 +1.172089841e+03 +1.172089841e+03 +6.007998414e+02 +6.007998414e+02 +3.7851e+00 -6.9645e-02
112 +1.658020974e+02 +1.658020974e+02 -4.054879026e+02 -4.054879026e+02 -2.6349e+00 -9.3682e-02
162 +4.682551200e+01 +4.682551200e+01 -5.244644880e+02 -5.244644880e+02 -2.4443e+00 -1.1373e-01
246 +2.218298128e+01 +2.218298128e+01 -5.491070187e+02 -5.491070187e+02 +2.2010e+00 -1.0663e-01
312 +7.903899481e+00 +7.903899481e+00 -5.633861005e+02 -5.633861005e+02 -5.9080e-01 -1.0857e-01
359 +3.720992705e+00 +3.720992705e+00 -5.675690073e+02 -5.675690073e+02 -6.2070e-01 -1.0692e-01
554 +2.374910472e+00 +2.374910472e+00 -5.689150895e+02 -5.689150895e+02 -8.5752e-01 -1.0645e-01
1182 +6.361567170e-01 +6.361567170e-01 -5.706538433e+02 -5.706538433e+02 -2.0474e+00 -1.0576e-01
1204 +6.079803866e-01 +6.079803866e-01 -5.706820196e+02 -5.706820196e+02 -1.6821e+00 -1.0629e-01
1207 +1.601832878e-01 +1.601832878e-01 -5.711298167e+02 -5.711298167e+02 -2.1072e+00 -1.0639e-01
1224 +7.862851219e-02 +7.862851219e-02 -5.712113715e+02 -5.712113715e+02 -2.2573e+00 -1.0638e-01
1249 +9.345108288e-03 +9.345108288e-03 -5.712806549e+02 -5.712806549e+02 -2.4605e+00 -1.0633e-01
1276 +2.139464187e-03 +2.139464187e-03 -5.712878605e+02 -5.712878605e+02 -2.5117e+00 -1.0644e-01
1322 +7.230031000e-04 +7.230031000e-04 -5.712892770e+02 -5.712892770e+02 -2.5074e+00 -1.0639e-01
1355 +2.410522716e-04 +2.410522716e-04 -5.712897589e+02 -5.712897589e+02 -2.5170e+00 -1.0640e-01
1402 +8.939184681e-06 +8.939184681e-06 -5.712899911e+02 -5.712899911e+02 -2.5345e+00 -1.0640e-01
1470 +5.784498853e-07 +5.784498853e-07 -5.712899994e+02 -5.712899994e+02 -2.5312e+00 -1.0640e-01
1657 +1.592973149e-07 +1.592973149e-07 -5.712899998e+02 -5.712899998e+02 -2.5318e+00 -1.0640e-01
1712 +3.432649009e-08 +3.432649009e-08 -5.712900000e+02 -5.712900000e+02 -2.5319e+00 -1.0640e-01
1762 +6.837126421e-09 +6.837126421e-09 -5.712900000e+02 -5.712900000e+02 -2.5320e+00 -1.0640e-01
% function evaluation | noise-free fitness - Fopt (-5.260000000000e+01) | best noise-free fitness - Fopt | measured fitness | best measured fitness | x1 | x2...
1 +8.639669845e+06 +8.639669845e+06 +8.639617245e+06 +8.639617245e+06 -4.2538e+00 +2.4817e+00
2 +2.492867878e+06 +2.492867878e+06 +2.492815278e+06 +2.492815278e+06 -1.3649e+00 +1.2158e+00
3 +4.473650412e+05 +4.473650412e+05 +4.473124412e+05 +4.473124412e+05 +3.0853e+00 -1.2294e+00
13 +2.980619396e+05 +2.980619396e+05 +2.980093396e+05 +2.980093396e+05 -4.8263e+00 +2.7041e-02
18 +5.918817296e+03 +5.918817296e+03 +5.866217296e+03 +5.866217296e+03 +1.4977e+00 -4.1789e-01
85 +2.982878268e+03 +2.982878268e+03 +2.930278268e+03 +2.930278268e+03 -9.5799e-01 -5.5350e-01
88 +8.143267516e+02 +8.143267516e+02 +7.617267516e+02 +7.617267516e+02 -7.5644e-01 -4.7173e-01
138 +3.729636955e+01 +3.729636955e+01 -1.530363045e+01 -1.530363045e+01 -2.3125e-01 -5.0439e-01
163 +1.028032902e+01 +1.028032902e+01 -4.231967098e+01 -4.231967098e+01 -2.2747e+00 -4.9753e-01
202 +5.846082989e+00 +5.846082989e+00 -4.675391701e+01 -4.675391701e+01 -6.8526e-01 -5.0017e-01
245 +2.426392357e+00 +2.426392357e+00 -5.017360764e+01 -5.017360764e+01 +6.8817e-01 -4.9675e-01
394 +1.387279886e+00 +1.387279886e+00 -5.121272011e+01 -5.121272011e+01 +7.7595e-01 -4.9729e-01
405 +2.056079034e-01 +2.056079034e-01 -5.239439210e+01 -5.239439210e+01 +7.5804e-01 -4.9796e-01
455 +6.768360116e-02 +6.768360116e-02 -5.253231640e+01 -5.253231640e+01 +7.5995e-01 -4.9815e-01
544 +4.700239933e-02 +4.700239933e-02 -5.255299760e+01 -5.255299760e+01 +7.5771e-01 -4.9859e-01
555 +1.444975508e-02 +1.444975508e-02 -5.258555024e+01 -5.258555024e+01 +7.5819e-01 -4.9844e-01
800 +3.315968957e-03 +3.315968957e-03 -5.259668403e+01 -5.259668403e+01 +8.7349e-01 -4.9834e-01
805 +7.935908741e-04 +7.935908741e-04 -5.259920641e+01 -5.259920641e+01 +8.9506e-01 -4.9839e-01
850 +2.973073275e-04 +2.973073275e-04 -5.259970269e+01 -5.259970269e+01 +8.8871e-01 -4.9839e-01
902 +5.756728410e-05 +5.756728410e-05 -5.259994243e+01 -5.259994243e+01 +8.7304e-01 -4.9839e-01
1002 +3.115787722e-05 +3.115787722e-05 -5.259996884e+01 -5.259996884e+01 +8.7791e-01 -4.9840e-01
1009 +6.680606134e-06 +6.680606134e-06 -5.259999332e+01 -5.259999332e+01 +8.7021e-01 -4.9840e-01
1052 +5.857761728e-06 +5.857761728e-06 -5.259999414e+01 -5.259999414e+01 +8.7400e-01 -4.9840e-01
1055 +3.075042791e-06 +3.075042791e-06 -5.259999692e+01 -5.259999692e+01 +8.7064e-01 -4.9840e-01
1087 +8.561328642e-07 +8.561328642e-07 -5.259999914e+01 -5.259999914e+01 +8.7212e-01 -4.9840e-01
1101 +4.205401396e-07 +4.205401396e-07 -5.259999958e+01 -5.259999958e+01 +8.7149e-01 -4.9840e-01
1151 +7.191403029e-11 +7.191403029e-11 -5.260000000e+01 -5.260000000e+01 +8.7199e-01 -4.9840e-01
% function evaluation | noise-free fitness - Fopt (-1.257000000000e+02) | best noise-free fitness - Fopt | measured fitness | best measured fitness | x1 | x2...
1 +1.022619157e+06 +1.022619157e+06 +1.022493457e+06 +1.022493457e+06 +1.7119e+00 +3.6188e+00
4 +4.246677912e+05 +4.246677912e+05 +4.245420912e+05 +4.245420912e+05 -2.5107e+00 +1.9002e+00
18 +3.797314648e+05 +3.797314648e+05 +3.796057648e+05 +3.796057648e+05 -4.5795e+00 +1.9411e+00
34 +9.265743636e+03 +9.265743636e+03 +9.140043636e+03 +9.140043636e+03 +2.7792e+00 +2.5127e+00
49 +3.766391191e+03 +3.766391191e+03 +3.640691191e+03 +3.640691191e+03 +1.4850e+00 +2.6773e+00
98 +4.835165527e+02 +4.835165527e+02 +3.578165527e+02 +3.578165527e+02 +3.1933e-01 +2.5911e+00
134 +9.327732160e+01 +9.327732160e+01 -3.242267840e+01 -3.242267840e+01 +9.5509e-01 +2.6210e+00
212 +3.667925860e+01 +3.667925860e+01 -8.902074140e+01 -8.902074140e+01 +1.5439e+00 +2.6100e+00
327 +2.287643493e+01 +2.287643493e+01 -1.028235651e+02 -1.028235651e+02 +8.4489e-01 +2.6136e+00
456 +1.361291075e+01 +1.361291075e+01 -1.120870893e+02 -1.120870893e+02 -2.0560e-01 +2.6133e+00
606 +9.302220929e+00 +9.302220929e+00 -1.163977791e+02 -1.163977791e+02 -9.3378e-01 +2.6136e+00
803 +6.012092977e+00 +6.012092977e+00 -1.196879070e+02 -1.196879070e+02 -1.6029e+00 +2.6126e+00
1055 +3.885044221e+00 +3.885044221e+00 -1.218149558e+02 -1.218149558e+02 -1.9250e+00 +2.6126e+00
1180 +2.503141203e+00 +2.503141203e+00 -1.231968588e+02 -1.231968588e+02 -2.3692e+00 +2.6122e+00
1281 +9.614321510e-01 +9.614321510e-01 -1.247385678e+02 -1.247385678e+02 -2.9228e+00 +2.6127e+00
1317 +5.235053233e-01 +5.235053233e-01 -1.251764947e+02 -1.251764947e+02 -3.1568e+00 +2.6127e+00
1410 +3.651352281e-01 +3.651352281e-01 -1.253348648e+02 -1.253348648e+02 -3.3545e+00 +2.6127e+00
1438 +2.397897376e-01 +2.397897376e-01 -1.254602103e+02 -1.254602103e+02 -3.4203e+00 +2.6127e+00
1455 +1.486903340e-01 +1.486903340e-01 -1.255513097e+02 -1.255513097e+02 -3.5142e+00 +2.6127e+00
1478 +9.233755043e-02 +9.233755043e-02 -1.256076624e+02 -1.256076624e+02 -3.6318e+00 +2.6127e+00
1501 +3.726563298e-02 +3.726563298e-02 -1.256627344e+02 -1.256627344e+02 -3.7170e+00 +2.6128e+00
1530 +1.342841969e-02 +1.342841969e-02 -1.256865716e+02 -1.256865716e+02 -3.9081e+00 +2.6127e+00
1559 +9.513557104e-03 +9.513557104e-03 -1.256904864e+02 -1.256904864e+02 -3.9516e+00 +2.6129e+00
1601 +3.001849365e-03 +3.001849365e-03 -1.256969982e+02 -1.256969982e+02 -3.9579e+00 +2.6128e+00
1630 +1.034095551e-03 +1.034095551e-03 -1.256989659e+02 -1.256989659e+02 -3.9282e+00 +2.6128e+00
1675 +8.844162216e-04 +8.844162216e-04 -1.256991156e+02 -1.256991156e+02 -3.9192e+00 +2.6128e+00
1700 +2.903268564e-04 +2.903268564e-04 -1.256997097e+02 -1.256997097e+02 -3.9238e+00 +2.6128e+00
1760 +2.441730624e-04 +2.441730624e-04 -1.256997558e+02 -1.256997558e+02 -3.9149e+00 +2.6128e+00
1777 +8.484021191e-05 +8.484021191e-05 -1.256999152e+02 -1.256999152e+02 -3.9158e+00 +2.6128e+00
1779 +8.132570585e-06 +8.132570585e-06 -1.256999919e+02 -1.256999919e+02 -3.9046e+00 +2.6128e+00
1829 +4.951507492e-06 +4.951507492e-06 -1.256999950e+02 -1.256999950e+02 -3.9093e+00 +2.6128e+00
1882 +3.788813544e-06 +3.788813544e-06 -1.256999962e+02 -1.256999962e+02 -3.9067e+00 +2.6128e+00
1902 +1.864267745e-06 +1.864267745e-06 -1.256999981e+02 -1.256999981e+02 -3.9062e+00 +2.6128e+00
1905 +1.434292372e-06 +1.434292372e-06 -1.256999986e+02 -1.256999986e+02 -3.9063e+00 +2.6128e+00
1952 +3.650875726e-07 +3.650875726e-07 -1.256999996e+02 -1.256999996e+02 -3.9076e+00 +2.6128e+00
1956 +6.446137490e-08 +6.446137490e-08 -1.256999999e+02 -1.256999999e+02 -3.9071e+00 +2.6128e+00
2010 +4.429028877e-08 +4.429028877e-08 -1.257000000e+02 -1.257000000e+02 -3.9070e+00 +2.6128e+00
2029 +2.220421891e-08 +2.220421891e-08 -1.257000000e+02 -1.257000000e+02 -3.9071e+00 +2.6128e+00
2060 +1.539480365e-08 +1.539480365e-08 -1.257000000e+02 -1.257000000e+02 -3.9071e+00 +2.6128e+00
2136 +8.154657394e-09 +8.154657394e-09 -1.257000000e+02 -1.257000000e+02 -3.9073e+00 +2.6128e+00
% function evaluation | noise-free fitness - Fopt (-1.000000000000e+03) | best noise-free fitness - Fopt | measured fitness | best measured fitness | x1 | x2...
1 +1.307092606e+05 +1.307092606e+05 +1.297092606e+05 +1.297092606e+05 +4.6625e+00 -1.7237e+00
36 +3.968929176e+04 +3.968929176e+04 +3.868929176e+04 +3.868929176e+04 -2.6879e+00 -1.1760e+00
51 +3.837062757e+03 +3.837062757e+03 +2.837062757e+03 +2.837062757e+03 +4.4330e+00 -1.3075e+00
90 +2.234720212e+03 +2.234720212e+03 +1.234720212e+03 +1.234720212e+03 -2.7776e+00 -1.3278e+00
129 +9.132780488e+02 +9.132780488e+02 -8.672195122e+01 -8.672195122e+01 -1.4972e+00 -1.3419e+00
193 +7.522407592e+01 +7.522407592e+01 -9.247759241e+02 -9.247759241e+02 -2.9505e+00 -1.3821e+00
270 +3.512457374e+01 +3.512457374e+01 -9.648754263e+02 -9.648754263e+02 -3.0774e+00 -1.3786e+00
343 +1.515351538e+00 +1.515351538e+00 -9.984846485e+02 -9.984846485e+02 -3.0207e+00 -1.3739e+00
435 +4.941380571e-01 +4.941380571e-01 -9.995058619e+02 -9.995058619e+02 -2.9167e+00 -1.3728e+00
807 +2.061042904e-01 +2.061042904e-01 -9.997938957e+02 -9.997938957e+02 -3.2838e+00 -1.3725e+00
862 +1.414720272e-01 +1.414720272e-01 -9.998585280e+02 -9.998585280e+02 -3.2499e+00 -1.3729e+00
914 +2.947309819e-02 +2.947309819e-02 -9.999705269e+02 -9.999705269e+02 -3.4945e+00 -1.3727e+00
963 +1.707033319e-02 +1.707033319e-02 -9.999829297e+02 -9.999829297e+02 -3.4886e+00 -1.3728e+00
964 +1.187281679e-02 +1.187281679e-02 -9.999881272e+02 -9.999881272e+02 -3.5667e+00 -1.3727e+00
969 +8.068821302e-03 +8.068821302e-03 -9.999919312e+02 -9.999919312e+02 -3.5487e+00 -1.3727e+00
1014 +5.977295215e-03 +5.977295215e-03 -9.999940227e+02 -9.999940227e+02 -3.5517e+00 -1.3728e+00
1020 +1.713771769e-03 +1.713771769e-03 -9.999982862e+02 -9.999982862e+02 -3.5967e+00 -1.3728e+00
1070 +1.356664429e-03 +1.356664429e-03 -9.999986433e+02 -9.999986433e+02 -3.6032e+00 -1.3728e+00
1105 +5.092062133e-05 +5.092062133e-05 -9.999999491e+02 -9.999999491e+02 -3.6150e+00 -1.3728e+00
1138 +9.094493180e-06 +9.094493180e-06 -9.999999909e+02 -9.999999909e+02 -3.6146e+00 -1.3728e+00
1205 +4.878410095e-06 +4.878410095e-06 -9.999999951e+02 -9.999999951e+02 -3.6151e+00 -1.3728e+00
1220 +2.451358569e-06 +2.451358569e-06 -9.999999975e+02 -9.999999975e+02 -3.6144e+00 -1.3728e+00
1267 +1.542071004e-08 +1.542071004e-08 -1.000000000e+03 -1.000000000e+03 -3.6127e+00 -1.3728e+00
1385 +1.210992195e-09 +1.210992195e-09 -1.000000000e+03 -1.000000000e+03 -3.6128e+00 -1.3728e+00
% function evaluation | noise-free fitness - Fopt (-9.574300000000e+02) | best noise-free fitness - Fopt | measured fitness | best measured fitness | x1 | x2...
1 +1.446374554e+07 +1.446374554e+07 +1.446278811e+07 +1.446278811e+07 +9.4583e-01 -3.3557e+00
2 +2.041137307e+06 +2.041137307e+06 +2.040179877e+06 +2.040179877e+06 +2.3952e+00 +1.9033e+00
7 +1.119779776e+06 +1.119779776e+06 +1.118822346e+06 +1.118822346e+06 -1.0840e+00 +1.4724e+00
8 +6.618940401e+05 +6.618940401e+05 +6.609366101e+05 +6.609366101e+05 +4.0297e+00 +1.3280e+00
12 +3.304731131e+03 +3.304731131e+03 +2.347301131e+03 +2.347301131e+03 +3.0666e-01 +3.8172e-01
18 +3.131520943e+02 +3.131520943e+02 -6.442779057e+02 -6.442779057e+02 -2.8439e+00 +4.6010e-01
235 +2.349048603e+02 +2.349048603e+02 -7.225251397e+02 -7.225251397e+02 -2.7259e+00 +4.5713e-01
302 +3.404861205e+01 +3.404861205e+01 -9.233813879e+02 -9.233813879e+02 -7.8382e-01 +4.4724e-01
352 +2.002441041e+01 +2.002441041e+01 -9.374055896e+02 -9.374055896e+02 -6.3524e-01 +4.4530e-01
402 +1.498663785e+01 +1.498663785e+01 -9.424433621e+02 -9.424433621e+02 -5.9890e-01 +4.4482e-01
492 +3.511415969e+00 +3.511415969e+00 -9.539185840e+02 -9.539185840e+02 -1.2563e+00 +4.4052e-01
592 +2.230593950e+00 +2.230593950e+00 -9.551994061e+02 -9.551994061e+02 -1.4226e+00 +4.4196e-01
973 +9.699763903e-01 +9.699763903e-01 -9.564600236e+02 -9.564600236e+02 -1.9574e+00 +4.4146e-01
1013 +5.449276767e-01 +5.449276767e-01 -9.568850723e+02 -9.568850723e+02 -2.1838e+00 +4.4141e-01
1091 +2.797397337e-01 +2.797397337e-01 -9.571502603e+02 -9.571502603e+02 -2.4295e+00 +4.4164e-01
1101 +2.327960385e-01 +2.327960385e-01 -9.571972040e+02 -9.571972040e+02 -2.4615e+00 +4.4168e-01
1112 +1.545820744e-01 +1.545820744e-01 -9.572754179e+02 -9.572754179e+02 -2.6257e+00 +4.4182e-01
1154 +4.841501011e-02 +4.841501011e-02 -9.573815850e+02 -9.573815850e+02 -2.7294e+00 +4.4156e-01
1185 +2.457112391e-02 +2.457112391e-02 -9.574054289e+02 -9.574054289e+02 -2.7929e+00 +4.4155e-01
1207 +1.056567100e-02 +1.056567100e-02 -9.574194343e+02 -9.574194343e+02 -2.8984e+00 +4.4151e-01
1213 +5.545947925e-03 +5.545947925e-03 -9.574244541e+02 -9.574244541e+02 -2.8996e+00 +4.4155e-01
1257 +1.954686842e-03 +1.954686842e-03 -9.574280453e+02 -9.574280453e+02 -2.9681e+00 +4.4156e-01
1288 +1.312139705e-03 +1.312139705e-03 -9.574286879e+02 -9.574286879e+02 -2.9292e+00 +4.4157e-01
1306 +4.788075265e-04 +4.788075265e-04 -9.574295212e+02 -9.574295212e+02 -2.9587e+00 +4.4158e-01
1318 +1.719201064e-04 +1.719201064e-04 -9.574298281e+02 -9.574298281e+02 -2.9360e+00 +4.4161e-01
1340 +1.602316695e-05 +1.602316695e-05 -9.574299840e+02 -9.574299840e+02 -2.9422e+00 +4.4160e-01
1378 +7.615113873e-06 +7.615113873e-06 -9.574299924e+02 -9.574299924e+02 -2.9468e+00 +4.4160e-01
1456 +2.630974222e-06 +2.630974222e-06 -9.574299974e+02 -9.574299974e+02 -2.9423e+00 +4.4160e-01
1506 +1.588323357e-06 +1.588323357e-06 -9.574299984e+02 -9.574299984e+02 -2.9430e+00 +4.4160e-01
1556 +1.350105322e-06 +1.350105322e-06 -9.574299986e+02 -9.574299986e+02 -2.9431e+00 +4.4160e-01
1592 +9.240815189e-07 +9.240815189e-07 -9.574299991e+02 -9.574299991e+02 -2.9447e+00 +4.4160e-01
1594 +3.199476168e-07 +3.199476168e-07 -9.574299997e+02 -9.574299997e+02 -2.9445e+00 +4.4160e-01
1618 +1.960199825e-08 +1.960199825e-08 -9.574300000e+02 -9.574300000e+02 -2.9439e+00 +4.4160e-01
1721 +3.480977284e-09 +3.480977284e-09 -9.574300000e+02 -9.574300000e+02 -2.9439e+00 +4.4160e-01
% function evaluation | noise-free fitness - Fopt (-1.413700000000e+02) | best noise-free fitness - Fopt | measured fitness | best measured fitness | x1 | x2...
1 +2.109281427e+07 +2.109281427e+07 +2.109267290e+07 +2.109267290e+07 -7.1624e-01 +6.5233e-01
2 +2.576808139e+04 +2.576808139e+04 +2.562671139e+04 +2.562671139e+04 +8.2851e-01 -3.7905e+00
45 +2.142024009e+04 +2.142024009e+04 +2.127887009e+04 +2.127887009e+04 +4.7160e+00 -3.8019e+00
107 +8.324791180e+03 +8.324791180e+03 +8.183421180e+03 +8.183421180e+03 -2.8521e+00 -3.8648e+00
155 +2.819882258e+03 +2.819882258e+03 +2.678512258e+03 +2.678512258e+03 +3.4391e+00 -4.0061e+00
177 +2.126435535e+03 +2.126435535e+03 +1.985065535e+03 +1.985065535e+03 +2.7345e+00 -3.9092e+00
195 +9.042545208e+02 +9.042545208e+02 +7.628845208e+02 +7.628845208e+02 +3.5324e+00 -3.9235e+00
206 +3.134727324e+02 +3.134727324e+02 +1.721027324e+02 +1.721027324e+02 -1.1453e+00 -3.9709e+00
230 +1.742479257e+02 +1.742479257e+02 +3.287792571e+01 +3.287792571e+01 +8.7453e-02 -3.9667e+00
380 +6.755887620e+00 +6.755887620e+00 -1.346141124e+02 -1.346141124e+02 -8.5477e-01 -3.9557e+00
386 +1.811781477e+00 +1.811781477e+00 -1.395582185e+02 -1.395582185e+02 +3.8791e-01 -3.9522e+00
436 +7.950038528e-01 +7.950038528e-01 -1.405749961e+02 -1.405749961e+02 +2.7961e-01 -3.9544e+00
495 +4.789157403e-01 +4.789157403e-01 -1.408910843e+02 -1.408910843e+02 +3.2001e-01 -3.9542e+00
548 +3.788328302e-01 +3.788328302e-01 -1.409911672e+02 -1.409911672e+02 +3.0492e-01 -3.9531e+00
612 +2.439653415e-01 +2.439653415e-01 -1.411260347e+02 -1.411260347e+02 +3.4639e-01 -3.9540e+00
648 +1.308643745e-01 +1.308643745e-01 -1.412391356e+02 -1.412391356e+02 +2.9684e-01 -3.9536e+00
813 +3.712377844e-02 +3.712377844e-02 -1.413328762e+02 -1.413328762e+02 +7.9030e-01 -3.9537e+00
880 +2.083418323e-02 +2.083418323e-02 -1.413491658e+02 -1.413491658e+02 +5.8265e-01 -3.9537e+00
912 +1.011737726e-02 +1.011737726e-02 -1.413598826e+02 -1.413598826e+02 +5.9682e-01 -3.9537e+00
962 +7.586014690e-03 +7.586014690e-03 -1.413624140e+02 -1.413624140e+02 +6.2016e-01 -3.9537e+00
985 +5.369872489e-03 +5.369872489e-03 -1.413646301e+02 -1.413646301e+02 +6.4816e-01 -3.9537e+00
1004 +1.838744792e-03 +1.838744792e-03 -1.413681613e+02 -1.413681613e+02 +6.1699e-01 -3.9536e+00
1054 +9.008555949e-04 +9.008555949e-04 -1.413690991e+02 -1.413690991e+02 +6.1948e-01 -3.9536e+00
1070 +1.626565247e-04 +1.626565247e-04 -1.413698373e+02 -1.413698373e+02 +6.3763e-01 -3.9536e+00
1079 +2.824763300e-05 +2.824763300e-05 -1.413699718e+02 -1.413699718e+02 +6.4582e-01 -3.9536e+00
1179 +7.877660977e-06 +7.877660977e-06 -1.413699921e+02 -1.413699921e+02 +6.4586e-01 -3.9536e+00
1212 +3.794100564e-06 +3.794100564e-06 -1.413699962e+02 -1.413699962e+02 +6.4941e-01 -3.9536e+00
1270 +1.775234267e-06 +1.775234267e-06 -1.413699982e+02 -1.413699982e+02 +6.4942e-01 -3.9536e+00
1279 +5.489723094e-07 +5.489723094e-07 -1.413699995e+02 -1.413699995e+02 +6.4876e-01 -3.9536e+00
1284 +2.861261805e-08 +2.861261805e-08 -1.413700000e+02 -1.413700000e+02 +6.4788e-01 -3.9536e+00
1384 +2.462638804e-08 +2.462638804e-08 -1.413700000e+02 -1.413700000e+02 +6.4788e-01 -3.9536e+00
1429 +1.108770675e-08 +1.108770675e-08 -1.413700000e+02 -1.413700000e+02 +6.4790e-01 -3.9536e+00
1488 +8.588472156e-09 +8.588472156e-09 -1.413700000e+02 -1.413700000e+02 +6.4791e-01 -3.9536e+00
% function evaluation | noise-free fitness - Fopt (2.150400000000e+02) | best noise-free fitness - Fopt | measured fitness | best measured fitness | x1 | x2...
1 +5.348608605e+07 +5.348608605e+07 +5.348630109e+07 +5.348630109e+07 +1.5698e+00 -3.9811e+00
2 +2.970105487e+07 +2.970105487e+07 +2.970126991e+07 +2.970126991e+07 -2.4509e+00 -2.0216e+00
3 +6.828355367e+05 +6.828355367e+05 +6.830505767e+05 +6.830505767e+05 +3.3036e+00 +2.8089e+00
18 +4.698562384e+00 +4.698562384e+00 +2.197385624e+02 +2.197385624e+02 -2.9681e-01 +3.6793e+00
404 +2.331182575e+00 +2.331182575e+00 +2.173711826e+02 +2.173711826e+02 -2.9302e-01 +3.6808e+00
1072 +1.510570457e+00 +1.510570457e+00 +2.165505705e+02 +2.165505705e+02 -5.3606e-02 +3.6809e+00
1255 +9.477167316e-01 +9.477167316e-01 +2.159877167e+02 +2.159877167e+02 +1.2631e-01 +3.6809e+00
1468 +6.152381582e-01 +6.152381582e-01 +2.156552382e+02 +2.156552382e+02 +2.6729e-01 +3.6807e+00
1684 +3.938657012e-01 +3.938657012e-01 +2.154338657e+02 +2.154338657e+02 +4.1792e-01 +3.6808e+00
1805 +2.326116263e-01 +2.326116263e-01 +2.152726116e+02 +2.152726116e+02 +6.2158e-01 +3.6808e+00
1868 +1.465349459e-01 +1.465349459e-01 +2.151865349e+02 +2.151865349e+02 +7.3593e-01 +3.6808e+00
1925 +8.896405200e-02 +8.896405200e-02 +2.151289641e+02 +2.151289641e+02 +8.0775e-01 +3.6808e+00
1960 +6.039226805e-02 +6.039226805e-02 +2.151003923e+02 +2.151003923e+02 +8.5696e-01 +3.6808e+00
2023 +3.907872296e-02 +3.907872296e-02 +2.150790787e+02 +2.150790787e+02 +9.1481e-01 +3.6808e+00
2024 +9.159752345e-03 +9.159752345e-03 +2.150491598e+02 +2.150491598e+02 +1.0108e+00 +3.6808e+00
2029 +6.104428620e-03 +6.104428620e-03 +2.150461044e+02 +2.150461044e+02 +1.0294e+00 +3.6808e+00
2053 +2.916127336e-03 +2.916127336e-03 +2.150429161e+02 +2.150429161e+02 +1.0556e+00 +3.6808e+00
2073 +9.478588169e-06 +9.478588169e-06 +2.150400095e+02 +2.150400095e+02 +1.1061e+00 +3.6808e+00
2203 +6.195936919e-06 +6.195936919e-06 +2.150400062e+02 +2.150400062e+02 +1.1050e+00 +3.6808e+00
2223 +3.043769965e-06 +3.043769965e-06 +2.150400030e+02 +2.150400030e+02 +1.1050e+00 +3.6808e+00
2308 +2.423382966e-06 +2.423382966e-06 +2.150400024e+02 +2.150400024e+02 +1.1025e+00 +3.6808e+00
2319 +9.360670390e-07 +9.360670390e-07 +2.150400009e+02 +2.150400009e+02 +1.1037e+00 +3.6808e+00
2351 +2.940150807e-07 +2.940150807e-07 +2.150400003e+02 +2.150400003e+02 +1.1027e+00 +3.6808e+00
2353 +1.265172500e-08 +1.265172500e-08 +2.150400000e+02 +2.150400000e+02 +1.1032e+00 +3.6808e+00
2458 +2.671782795e-09 +2.671782795e-09 +2.150400000e+02 +2.150400000e+02 +1.1032e+00 +3.6808e+00
% function evaluation | noise-free fitness - Fopt (-1.466600000000e+02) | best noise-free fitness - Fopt | measured fitness | best measured fitness | x1 | x2...
1 +2.762118475e+05 +2.762118475e+05 +2.760651875e+05 +2.760651875e+05 -4.1562e+00 +3.3025e+00
4 +1.268403987e+05 +1.268403987e+05 +1.266937387e+05 +1.266937387e+05 -2.0300e+00 +4.2094e+00
20 +6.077049214e+04 +6.077049214e+04 +6.062383214e+04 +6.062383214e+04 -2.3400e+00 +3.6008e+00
27 +8.844299294e+02 +8.844299294e+02 +7.377699294e+02 +7.377699294e+02 -1.7212e+00 +3.8191e+00
204 +4.085797342e+01 +4.085797342e+01 -1.058020266e+02 -1.058020266e+02 -1.9687e+00 +3.8438e+00
278 +2.858110359e+01 +2.858110359e+01 -1.180788964e+02 -1.180788964e+02 -2.5361e+00 +3.8500e+00
339 +1.764617563e+01 +1.764617563e+01 -1.290138244e+02 -1.290138244e+02 -9.2136e-01 +3.8503e+00
408 +1.050241877e+01 +1.050241877e+01 -1.361575812e+02 -1.361575812e+02 -6.8026e-01 +3.8470e+00
446 +7.772173367e+00 +7.772173367e+00 -1.388878266e+02 -1.388878266e+02 -2.4229e-01 +3.8489e+00
794 +5.968718333e+00 +5.968718333e+00 -1.406912817e+02 -1.406912817e+02 -4.1255e-02 +3.8478e+00
1360 +3.816741413e+00 +3.816741413e+00 -1.428432586e+02 -1.428432586e+02 +5.6951e-01 +3.8480e+00
1676 +2.288607346e+00 +2.288607346e+00 -1.443713927e+02 -1.443713927e+02 +1.2205e+00 +3.8487e+00
1753 +1.529828701e+00 +1.529828701e+00 -1.451301713e+02 -1.451301713e+02 +1.4961e+00 +3.8488e+00
1783 +8.851847784e-01 +8.851847784e-01 -1.457748152e+02 -1.457748152e+02 +1.5343e+00 +3.8482e+00
1808 +5.759677056e-01 +5.759677056e-01 -1.460840323e+02 -1.460840323e+02 +1.6664e+00 +3.8481e+00
1855 +2.754038210e-01 +2.754038210e-01 -1.463845962e+02 -1.463845962e+02 +1.9780e+00 +3.8482e+00
1903 +2.296444057e-01 +2.296444057e-01 -1.464303556e+02 -1.464303556e+02 +2.0117e+00 +3.8481e+00
1914 +1.539182176e-01 +1.539182176e-01 -1.465060818e+02 -1.465060818e+02 +2.1108e+00 +3.8481e+00
1953 +3.444923402e-02 +3.444923402e-02 -1.466255508e+02 -1.466255508e+02 +2.3310e+00 +3.8481e+00
1963 +9.231367694e-03 +9.231367694e-03 -1.466507686e+02 -1.466507686e+02 +2.3776e+00 +3.8480e+00
2001 +9.554471464e-04 +9.554471464e-04 -1.466590446e+02 -1.466590446e+02 +2.4884e+00 +3.8480e+00
2013 +1.181942079e-04 +1.181942079e-04 -1.466598818e+02 -1.466598818e+02 +2.4652e+00 +3.8480e+00
2103 +7.906335532e-05 +7.906335532e-05 -1.466599209e+02 -1.466599209e+02 +2.4822e+00 +3.8480e+00
2114 +4.150280421e-05 +4.150280421e-05 -1.466599585e+02 -1.466599585e+02 +2.4797e+00 +3.8480e+00
2128 +7.281572891e-07 +7.281572891e-07 -1.466599993e+02 -1.466599993e+02 +2.4732e+00 +3.8480e+00
2335 +4.759493208e-07 +4.759493208e-07 -1.466599995e+02 -1.466599995e+02 +2.4733e+00 +3.8480e+00
2338 +3.389576761e-07 +3.389576761e-07 -1.466599997e+02 -1.466599997e+02 +2.4734e+00 +3.8480e+00
2345 +1.683667961e-08 +1.683667961e-08 -1.466600000e+02 -1.466600000e+02 +2.4735e+00 +3.8480e+00
2419 +5.505654599e-09 +5.505654599e-09 -1.466600000e+02 -1.466600000e+02 +2.4735e+00 +3.8480e+00
% function evaluation | noise-free fitness - Fopt (-4.190000000000e+01) | best noise-free fitness - Fopt | measured fitness | best measured fitness | x1 | x2...
1 +2.866394707e+07 +2.866394707e+07 +2.866390517e+07 +2.866390517e+07 -3.7510e+00 +2.9108e+00
2 +1.492485787e+07 +1.492485787e+07 +1.492481597e+07 +1.492481597e+07 -2.3730e-01 +1.3833e+00
4 +8.438558449e+04 +8.438558449e+04 +8.434368449e+04 +8.434368449e+04 +4.2225e+00 -2.7910e+00
8 +1.221867858e+04 +1.221867858e+04 +1.217677858e+04 +1.217677858e+04 +2.0067e+00 -2.6132e+00
14 +4.190556727e+03 +4.190556727e+03 +4.148656727e+03 +4.148656727e+03 -2.0270e+00 -2.4316e+00
59 +3.671824332e+02 +3.671824332e+02 +3.252824332e+02 +3.252824332e+02 -1.6459e+00 -2.4828e+00
113 +6.006454355e+00 +6.006454355e+00 -3.589354564e+01 -3.589354564e+01 -1.3550e+00 -2.5038e+00
324 +2.686928871e+00 +2.686928871e+00 -3.921307113e+01 -3.921307113e+01 -8.1771e-01 -2.5028e+00
568 +2.500521183e+00 +2.500521183e+00 -3.939947882e+01 -3.939947882e+01 -7.9193e-01 -2.5026e+00
1112 +1.572832356e+00 +1.572832356e+00 -4.032716764e+01 -4.032716764e+01 -5.2892e-01 -2.5023e+00
1306 +8.848269143e-01 +8.848269143e-01 -4.101517309e+01 -4.101517309e+01 -3.1218e-01 -2.5024e+00
1319 +4.142106702e-01 +4.142106702e-01 -4.148578933e+01 -4.148578933e+01 -1.3375e-02 -2.5026e+00
1357 +2.909840989e-01 +2.909840989e-01 -4.160901590e+01 -4.160901590e+01 +1.9456e-01 -2.5027e+00
1391 +2.388990104e-01 +2.388990104e-01 -4.166110099e+01 -4.166110099e+01 +1.5482e-01 -2.5024e+00
1415 +5.279044463e-02 +5.279044463e-02 -4.184720956e+01 -4.184720956e+01 +4.8986e-01 -2.5026e+00
1457 +4.932333413e-03 +4.932333413e-03 -4.189506767e+01 -4.189506767e+01 +5.7119e-01 -2.5024e+00
1507 +3.080215716e-03 +3.080215716e-03 -4.189691978e+01 -4.189691978e+01 +5.9283e-01 -2.5024e+00
1508 +2.167676449e-03 +2.167676449e-03 -4.189783232e+01 -4.189783232e+01 +6.5739e-01 -2.5024e+00
1512 +4.578239036e-04 +4.578239036e-04 -4.189954218e+01 -4.189954218e+01 +6.6525e-01 -2.5024e+00
1543 +2.896563538e-04 +2.896563538e-04 -4.189971034e+01 -4.189971034e+01 +6.3158e-01 -2.5024e+00
1607 +1.245513543e-04 +1.245513543e-04 -4.189987545e+01 -4.189987545e+01 +6.5236e-01 -2.5024e+00
1623 +1.873068123e-05 +1.873068123e-05 -4.189998127e+01 -4.189998127e+01 +6.4923e-01 -2.5024e+00
1693 +9.051545476e-06 +9.051545476e-06 -4.189999095e+01 -4.189999095e+01 +6.4885e-01 -2.5024e+00
1698 +3.041927236e-06 +3.041927236e-06 -4.189999696e+01 -4.189999696e+01 +6.4517e-01 -2.5024e+00
1748 +9.810399533e-07 +9.810399533e-07 -4.189999902e+01 -4.189999902e+01 +6.4457e-01 -2.5024e+00
1816 +5.346903720e-08 +5.346903720e-08 -4.189999995e+01 -4.189999995e+01 +6.4584e-01 -2.5024e+00
1911 +1.178771214e-08 +1.178771214e-08 -4.189999999e+01 -4.189999999e+01 +6.4570e-01 -2.5024e+00
1942 +6.610584080e-09 +6.610584080e-09 -4.189999999e+01 -4.189999999e+01 +6.4559e-01 -2.5024e+00
