% function evaluation | noise-free fitness - Fopt (1.238300000000e+02) | best noise-free fitness - Fopt | measured fitness | best measured fitness | x1 | x2...
1 +1.534607854e+03 +1.534607854e+03 +1.658437854e+03 +1.658437854e+03 -3.8035e-02 -2.9712e+00
9 +2.476911324e+00 +2.476911324e+00 +1.263069113e+02 +1.263069113e+02 +8.1288e-01 +2.6444e+00
123 +1.288140985e+00 +1.288140985e+00 +1.251181410e+02 +1.251181410e+02 +4.8169e-02 -7.7384e-01
175 +7.729018802e-01 +7.729018802e-01 +1.246029019e+02 +1.246029019e+02 -1.1078e-01 +7.9042e-02
214 +1.734392400e-01 +1.734392400e-01 +1.240034392e+02 +1.240034392e+02 -1.5053e-01 +4.0504e-02
241 +1.426332869e-01 +1.426332869e-01 +1.239726333e+02 +1.239726333e+02 -1.7021e-01 +4.3534e-03
364 +9.274707406e-02 +9.274707406e-02 +1.239227471e+02 +1.239227471e+02 -1.4966e-01 +1.3495e-01
365 +4.346439248e-02 +4.346439248e-02 +1.238734644e+02 +1.238734644e+02 -1.0221e-01 +4.6332e-01
376 +8.397316786e-03 +8.397316786e-03 +1.238383973e+02 +1.238383973e+02 -7.3482e-02 +5.5705e-01
513 +5.782299706e-03 +5.782299706e-03 +1.238357823e+02 +1.238357823e+02 -6.2827e-02 +5.7881e-01
621 +6.453147095e-04 +6.453147095e-04 +1.238306453e+02 +1.238306453e+02 -3.4753e-02 +6.8616e-01
716 +3.893524338e-04 +3.893524338e-04 +1.238303894e+02 +1.238303894e+02 -3.9304e-02 +6.7203e-01
830 +2.132687118e-04 +2.132687118e-04 +1.238302133e+02 +1.238302133e+02 -3.8836e-02 +6.7622e-01
895 +2.986087945e-05 +2.986087945e-05 +1.238300299e+02 +1.238300299e+02 -2.9550e-02 +7.0736e-01
1016 +7.688544770e-07 +7.688544770e-07 +1.238300008e+02 +1.238300008e+02 -2.9867e-02 +7.0701e-01
1166 +1.734171775e-07 +1.734171775e-07 +1.238300002e+02 +1.238300002e+02 -2.9839e-02 +7.0727e-01
1397 +1.213927305e-07 +1.213927305e-07 +1.238300001e+02 +1.238300001e+02 -2.9847e-02 +7.0722e-01
1822 +1.737394939e-08 +1.737394939e-08 +1.238300000e+02 +1.238300000e+02 -3.0041e-02 +7.0651e-01
1988 +3.492161227e-09 +3.492161227e-09 +1.238300000e+02 +1.238300000e+02 -3.0028e-02 +7.0658e-01
% function evaluation | noise-free fitness - Fopt (4.751000000000e+01) | best noise-free fitness - Fopt | measured fitness | best measured fitness | x1 | x2...
1 +5.155573533e+04 +5.155573533e+04 +5.160324533e+04 +5.160324533e+04 +3.7655e+00 +2.3255e+00
3 +1.407345334e+04 +1.407345334e+04 +1.412096334e+04 +1.412096334e+04 -4.2767e+00 -6.1058e-01
4 +1.291970121e+03 +1.291970121e+03 +1.339480121e+03 +1.339480121e+03 +1.3812e+00 -3.6274e+00
7 +1.301070773e+01 +1.301070773e+01 +6.052070773e+01 +6.052070773e+01 -5.2401e-01 -2.0192e+00
25 +2.334751232e+00 +2.334751232e+00 +4.984475123e+01 +4.984475123e+01 -9.0605e-01 -4.6258e-01
113 +1.237793804e+00 +1.237793804e+00 +4.874779380e+01 +4.874779380e+01 +2.0206e+00 -7.5174e-01
212 +3.179988615e-01 +3.179988615e-01 +4.782799886e+01 +4.782799886e+01 -2.4278e-01 +2.0408e-01
248 +5.280852700e-02 +5.280852700e-02 +4.756280853e+01 +4.756280853e+01 +5.4387e-01 +1.4270e-02
436 +7.205261676e-03 +7.205261676e-03 +4.751720526e+01 +4.751720526e+01 +8.1321e-01 -1.0978e-01
728 +3.870913366e-03 +3.870913366e-03 +4.751387091e+01 +4.751387091e+01 +7.9457e-01 -1.0647e-01
766 +1.275332147e-03 +1.275332147e-03 +4.751127533e+01 +4.751127533e+01 +6.9432e-01 -6.1272e-02
881 +5.197474221e-04 +5.197474221e-04 +4.751051975e+01 +4.751051975e+01 +6.7659e-01 -5.2756e-02
959 +3.996691377e-05 +3.996691377e-05 +4.751003997e+01 +4.751003997e+01 +7.0044e-01 -6.1917e-02
1116 +5.481995949e-06 +5.481995949e-06 +4.751000548e+01 +4.751000548e+01 +6.9995e-01 -6.2050e-02
1272 +2.635472008e-06 +2.635472008e-06 +4.751000264e+01 +4.751000264e+01 +7.0164e-01 -6.2687e-02
1328 +1.276341614e-06 +1.276341614e-06 +4.751000128e+01 +4.751000128e+01 +7.0208e-01 -6.2909e-02
1690 +9.406268546e-07 +9.406268546e-07 +4.751000094e+01 +4.751000094e+01 +7.0223e-01 -6.2993e-02
2179 +5.898707869e-07 +5.898707869e-07 +4.751000059e+01 +4.751000059e+01 +7.0267e-01 -6.3180e-02
2877 +2.648433792e-07 +2.648433792e-07 +4.751000026e+01 +4.751000026e+01 +7.0323e-01 -6.3424e-02
2923 +2.165991191e-07 +2.165991191e-07 +4.751000022e+01 +4.751000022e+01 +7.0327e-01 -6.3446e-02
2994 +1.295219150e-07 +1.295219150e-07 +4.751000013e+01 +4.751000013e+01 +7.0351e-01 -6.3549e-02
3054 +9.625364328e-08 +9.625364328e-08 +4.751000010e+01 +4.751000010e+01 +7.0359e-01 -6.3590e-02
3552 +5.058011965e-08 +5.058011965e-08 +4.751000005e+01 +4.751000005e+01 +7.0376e-01 -6.3662e-02
3802 +3.334311316e-08 +3.334311316e-08 +4.751000003e+01 +4.751000003e+01 +7.0384e-01 -6.3700e-02
4136 +2.490676110e-08 +2.490676110e-08 +4.751000002e+01 +4.751000002e+01 +7.0390e-01 -6.3723e-02
4377 +1.104267966e-08 +1.104267966e-08 +4.751000001e+01 +4.751000001e+01 +7.0400e-01 -6.3770e-02
4427 +8.856723355e-09 +8.856723355e-09 +4.751000001e+01 +4.751000001e+01 +7.0403e-01 -6.3781e-02
% function evaluation | noise-free fitness - Fopt (5.534000000000e+01) | best noise-free fitness - Fopt | measured fitness | best measured fitness | x1 | x2...
1 +6.757145256e+02 +6.757145256e+02 +7.310545256e+02 +7.310545256e+02 +1.7563e+00 -1.4470e+00
7 +7.568623079e+01 +7.568623079e+01 +1.310262308e+02 +1.310262308e+02 -3.9413e-01 +3.4967e-01
16 +1.397625373e+01 +1.397625373e+01 +6.931625373e+01 +6.931625373e+01 -1.1409e+00 +3.0643e+00
61 +7.919206054e+00 +7.919206054e+00 +6.325920605e+01 +6.325920605e+01 +3.5040e-01 -2.8156e-01
111 +2.309089342e+00 +2.309089342e+00 +5.764908934e+01 +5.764908934e+01 +6.6245e-01 +4.6371e-01
152 +4.035856712e-01 +4.035856712e-01 +5.574358567e+01 +5.574358567e+01 -1.6340e+00 -1.2088e-01
351 +3.828938348e-02 +3.828938348e-02 +5.537828938e+01 +5.537828938e+01 -1.1426e+00 -1.6755e-01
436 +1.332344461e-02 +1.332344461e-02 +5.535332344e+01 +5.535332344e+01 -5.9487e-01 -2.0710e-01
455 +7.481707932e-03 +7.481707932e-03 +5.534748171e+01 +5.534748171e+01 -8.7820e-01 -1.8926e-01
512 +2.410986789e-03 +2.410986789e-03 +5.534241099e+01 +5.534241099e+01 -6.3570e-01 -1.9903e-01
589 +8.962030419e-04 +8.962030419e-04 +5.534089620e+01 +5.534089620e+01 -6.5876e-01 -1.9909e-01
646 +4.099531372e-04 +4.099531372e-04 +5.534040995e+01 +5.534040995e+01 -6.4341e-01 -2.0143e-01
736 +3.492776570e-04 +3.492776570e-04 +5.534034928e+01 +5.534034928e+01 -6.3686e-01 -2.0101e-01
739 +2.329873430e-04 +2.329873430e-04 +5.534023299e+01 +5.534023299e+01 -6.5693e-01 -2.0097e-01
806 +9.471449184e-05 +9.471449184e-05 +5.534009471e+01 +5.534009471e+01 -6.5837e-01 -2.0022e-01
856 +3.606970425e-05 +3.606970425e-05 +5.534003607e+01 +5.534003607e+01 -6.6805e-01 -1.9989e-01
941 +2.296294816e-05 +2.296294816e-05 +5.534002296e+01 +5.534002296e+01 -6.6787e-01 -2.0011e-01
1017 +2.458566946e-06 +2.458566946e-06 +5.534000246e+01 +5.534000246e+01 -6.7789e-01 -1.9965e-01
1055 +7.291692867e-07 +7.291692867e-07 +5.534000073e+01 +5.534000073e+01 -6.7666e-01 -1.9974e-01
1062 +6.066048570e-07 +6.066048570e-07 +5.534000061e+01 +5.534000061e+01 -6.7707e-01 -1.9977e-01
1117 +8.800446949e-08 +8.800446949e-08 +5.534000009e+01 +5.534000009e+01 -6.7806e-01 -1.9970e-01
1191 +2.907507479e-08 +2.907507479e-08 +5.534000003e+01 +5.534000003e+01 -6.7799e-01 -1.9971e-01
1217 +2.325258208e-08 +2.325258208e-08 +5.534000002e+01 +5.534000002e+01 -6.7798e-01 -1.9971e-01
1320 +2.615131223e-09 +2.615131223e-09 +5.534000000e+01 +5.534000000e+01 -6.7843e-01 -1.9970e-01
% function evaluation | noise-free fitness - Fopt (-9.033000000000e+01) | best noise-free fitness - Fopt | measured fitness | best measured fitness | x1 | x2...
1 +1.236108839e+04 +1.236108839e+04 +1.227075839e+04 +1.227075839e+04 +2.1535e+00 -3.7789e+00
2 +1.452729671e+03 +1.452729671e+03 +1.362399671e+03 +1.362399671e+03 -4.5468e-01 -2.5753e+00
3 +5.425731530e+02 +5.425731530e+02 +4.522431530e+02 +4.522431530e+02 +2.1475e+00 +9.4406e-02
9 +1.173042398e+02 +1.173042398e+02 +2.697423979e+01 +2.697423979e+01 -7.8806e-01 +4.5182e-02
14 +6.160560312e+01 +6.160560312e+01 -2.872439688e+01 -2.872439688e+01 -3.7162e+00 -2.2443e+00
26 +3.045189000e+01 +3.045189000e+01 -5.987811000e+01 -5.987811000e+01 -1.8917e+00 -1.9211e+00
31 +2.441771169e+01 +2.441771169e+01 -6.591228831e+01 -6.591228831e+01 -7.3292e-01 +9.4312e-01
76 +1.273430141e+01 +1.273430141e+01 -7.759569859e+01 -7.759569859e+01 -1.9423e+00 -1.6918e+00
83 +7.712631007e-01 +7.712631007e-01 -8.955873690e+01 -8.955873690e+01 -1.2185e+00 +9.6551e-01
183 +2.483758010e-01 +2.483758010e-01 -9.008162420e+01 -9.008162420e+01 -1.2328e+00 +1.0179e+00
282 +1.299628329e-01 +1.299628329e-01 -9.020003717e+01 -9.020003717e+01 -1.1994e+00 +9.9184e-01
324 +7.694144717e-02 +7.694144717e-02 -9.025305855e+01 -9.025305855e+01 -1.0352e+00 +9.0192e-01
361 +1.182142528e-02 +1.182142528e-02 -9.031817857e+01 -9.031817857e+01 -3.6740e-01 +5.1221e-01
508 +1.200981815e-03 +1.200981815e-03 -9.032879902e+01 -9.032879902e+01 -5.0133e-01 +5.9356e-01
863 +4.774333023e-04 +4.774333023e-04 -9.032952257e+01 -9.032952257e+01 -4.8042e-01 +5.8095e-01
1092 +3.898830104e-04 +3.898830104e-04 -9.032961012e+01 -9.032961012e+01 -4.5863e-01 +5.6593e-01
1105 +6.588196253e-05 +6.588196253e-05 -9.032993412e+01 -9.032993412e+01 -4.5445e-01 +5.6411e-01
1237 +5.919601465e-05 +5.919601465e-05 -9.032994080e+01 -9.032994080e+01 -4.5265e-01 +5.6310e-01
1500 +1.362714627e-05 +1.362714627e-05 -9.032998637e+01 -9.032998637e+01 -4.4579e-01 +5.5845e-01
1691 +9.161265822e-06 +9.161265822e-06 -9.032999084e+01 -9.032999084e+01 -4.4479e-01 +5.5788e-01
2109 +1.866269628e-07 +1.866269628e-07 -9.032999981e+01 -9.032999981e+01 -4.3954e-01 +5.5441e-01
2442 +1.468974631e-08 +1.468974631e-08 -9.032999999e+01 -9.032999999e+01 -4.3898e-01 +5.5406e-01
2626 +6.812143738e-09 +6.812143738e-09 -9.032999999e+01 -9.032999999e+01 -4.3910e-01 +5.5414e-01
% function evaluation | noise-free fitness - Fopt (6.561000000000e+01) | best noise-free fitness - Fopt | measured fitness | best measured fitness | x1 | x2...
1 +3.237976030e+03 +3.237976030e+03 +3.303586030e+03 +3.303586030e+03 +1.7332e+00 +3.2985e+00
5 +2.278421560e+03 +2.278421560e+03 +2.344031560e+03 +2.344031560e+03 +3.6080e+00 -1.6566e+00
7 +1.286819357e+03 +1.286819357e+03 +1.352429357e+03 +1.352429357e+03 +1.8060e+00 -3.2728e+00
12 +7.552408474e+02 +7.552408474e+02 +8.208508474e+02 +8.208508474e+02 +5.2924e-01 -2.3573e+00
17 +3.788307404e+02 +3.788307404e+02 +4.444407404e+02 +4.444407404e+02 +3.7543e-01 -1.5781e+00
29 +2.223707473e+02 +2.223707473e+02 +2.879807473e+02 +2.879807473e+02 -3.6775e-01 -3.1883e+00
36 +4.320548545e+01 +4.320548545e+01 +1.088154855e+02 +1.088154855e+02 +3.7799e+00 -4.8839e+00
86 +1.454517813e+01 +1.454517813e+01 +8.015517813e+01 +8.015517813e+01 +3.8502e+00 -4.8400e+00
90 +3.620849764e+00 +3.620849764e+00 +6.923084976e+01 +6.923084976e+01 -9.2139e-01 -4.8016e+00
128 +1.361367260e+00 +1.361367260e+00 +6.697136726e+01 +6.697136726e+01 -1.1497e-01 +2.7481e-01
177 +5.600631488e-01 +5.600631488e-01 +6.617006315e+01 +6.617006315e+01 +1.2187e-01 +4.0722e-01
258 +3.938126639e-01 +3.938126639e-01 +6.600381266e+01 +6.600381266e+01 +2.8685e-02 +3.6726e-01
299 +1.287331972e-01 +1.287331972e-01 +6.573873320e+01 +6.573873320e+01 -1.7519e-01 +2.2873e-03
387 +1.129185505e-02 +1.129185505e-02 +6.562129186e+01 +6.562129186e+01 -3.7011e-01 -4.9528e-01
400 +7.927849323e-03 +7.927849323e-03 +6.561792785e+01 +6.561792785e+01 -3.9173e-01 -5.3774e-01
513 +1.595221578e-03 +1.595221578e-03 +6.561159522e+01 +6.561159522e+01 -4.2514e-01 -6.7006e-01
543 +1.131238658e-03 +1.131238658e-03 +6.561113124e+01 +6.561113124e+01 -3.8003e-01 -5.1175e-01
648 +7.556533320e-04 +7.556533320e-04 +6.561075565e+01 +6.561075565e+01 -4.0123e-01 -5.7987e-01
663 +2.453182791e-04 +2.453182791e-04 +6.561024532e+01 +6.561024532e+01 -4.0594e-01 -5.9857e-01
743 +1.305487695e-04 +1.305487695e-04 +6.561013055e+01 +6.561013055e+01 -3.9634e-01 -5.6889e-01
778 +8.911982428e-05 +8.911982428e-05 +6.561008912e+01 +6.561008912e+01 -4.0307e-01 -5.9210e-01
893 +4.508115950e-05 +4.508115950e-05 +6.561004508e+01 +6.561004508e+01 -3.9668e-01 -5.6890e-01
963 +3.951190861e-05 +3.951190861e-05 +6.561003951e+01 +6.561003951e+01 -3.9746e-01 -5.7184e-01
998 +4.814574737e-06 +4.814574737e-06 +6.561000481e+01 +6.561000481e+01 -3.9937e-01 -5.7788e-01
1179 +1.193460534e-06 +1.193460534e-06 +6.561000119e+01 +6.561000119e+01 -4.0040e-01 -5.8129e-01
1223 +6.761612212e-07 +6.761612212e-07 +6.561000068e+01 +6.561000068e+01 -4.0070e-01 -5.8235e-01
1274 +2.422717671e-07 +2.422717671e-07 +6.561000024e+01 +6.561000024e+01 -4.0104e-01 -5.8365e-01
1284 +1.171102326e-09 +1.171102326e-09 +6.561000000e+01 +6.561000000e+01 -4.0075e-01 -5.8266e-01
% function evaluation | noise-free fitness - Fopt (1.944000000000e+01) | best noise-free fitness - Fopt | measured fitness | best measured fitness | x1 | x2...
1 +3.519381113e+04 +3.519381113e+04 +3.521325113e+04 +3.521325113e+04 +2.9394e+00 +3.1542e+00
2 +1.499909433e+04 +1.499909433e+04 +1.501853433e+04 +1.501853433e+04 +1.6467e+00 +3.9578e+00
3 +1.431701401e+02 +1.431701401e+02 +1.626101401e+02 +1.626101401e+02 -1.5630e+00 +5.2919e-01
8 +1.183357618e+01 +1.183357618e+01 +3.127357618e+01 +3.127357618e+01 +8.6463e-02 +4.0968e-01
30 +9.668500149e+00 +9.668500149e+00 +2.910850015e+01 +2.910850015e+01 -1.2062e+00 -8.1259e-01
103 +2.492245502e+00 +2.492245502e+00 +2.193224550e+01 +2.193224550e+01 -1.0324e+00 +7.2737e-02
177 +1.157511439e+00 +1.157511439e+00 +2.059751144e+01 +2.059751144e+01 +1.8273e+00 -2.2271e+00
208 +1.730238215e-01 +1.730238215e-01 +1.961302382e+01 +1.961302382e+01 +9.6288e-02 +1.5013e-01
365 +1.443183165e-01 +1.443183165e-01 +1.958431832e+01 +1.958431832e+01 +8.9669e-02 +1.4272e-01
398 +7.970368889e-02 +7.970368889e-02 +1.951970369e+01 +1.951970369e+01 +2.1513e-01 +3.8711e-02
552 +4.266021144e-02 +4.266021144e-02 +1.948266021e+01 +1.948266021e+01 +5.2077e-01 -2.8213e-01
602 +2.439855719e-02 +2.439855719e-02 +1.946439856e+01 +1.946439856e+01 +5.8958e-01 -3.5739e-01
713 +1.409726976e-03 +1.409726976e-03 +1.944140973e+01 +1.944140973e+01 +5.7347e-01 -3.2587e-01
1019 +5.816191978e-04 +5.816191978e-04 +1.944058162e+01 +1.944058162e+01 +5.7130e-01 -3.2580e-01
1368 +2.668378128e-04 +2.668378128e-04 +1.944026684e+01 +1.944026684e+01 +5.8222e-01 -3.3787e-01
1410 +2.272914818e-04 +2.272914818e-04 +1.944022729e+01 +1.944022729e+01 +5.9102e-01 -3.4907e-01
1491 +1.194844057e-04 +1.194844057e-04 +1.944011948e+01 +1.944011948e+01 +5.8980e-01 -3.4698e-01
1820 +9.845747222e-05 +9.845747222e-05 +1.944009846e+01 +1.944009846e+01 +5.9119e-01 -3.4855e-01
2227 +2.289591051e-05 +2.289591051e-05 +1.944002290e+01 +1.944002290e+01 +5.9923e-01 -3.5801e-01
2347 +1.419992159e-05 +1.419992159e-05 +1.944001420e+01 +1.944001420e+01 +6.0021e-01 -3.5908e-01
2548 +8.691737271e-06 +8.691737271e-06 +1.944000869e+01 +1.944000869e+01 +6.0123e-01 -3.6019e-01
2704 +5.849835553e-06 +5.849835553e-06 +1.944000585e+01 +1.944000585e+01 +6.0216e-01 -3.6134e-01
3219 +3.916411732e-06 +3.916411732e-06 +1.944000392e+01 +1.944000392e+01 +6.0263e-01 -3.6185e-01
3762 +2.486893273e-06 +2.486893273e-06 +1.944000249e+01 +1.944000249e+01 +6.0322e-01 -3.6254e-01
% function evaluation | noise-free fitness - Fopt (-4.583400000000e+02) | best noise-free fitness - Fopt | measured fitness | best measured fitness | x1 | x2...
1 +1.597874005e+04 +1.597874005e+04 +1.552040005e+04 +1.552040005e+04 +3.3795e+00 -4.8482e+00
2 +3.331993694e+03 +3.331993694e+03 +2.873653694e+03 +2.873653694e+03 -2.9676e+00 -2.1587e+00
3 +9.867148551e+02 +9.867148551e+02 +5.283748551e+02 +5.283748551e+02 +2.7985e+00 -3.2777e+00
5 +5.264470893e+00 +5.264470893e+00 -4.530755291e+02 -4.530755291e+02 +2.1514e+00 +8.9032e-01
82 +1.262998597e+00 +1.262998597e+00 -4.570770014e+02 -4.570770014e+02 -5.7575e-01 -3.1869e-01
184 +9.402582298e-01 +9.402582298e-01 -4.573997418e+02 -4.573997418e+02 -4.8609e-01 -3.7821e-01
210 +3.938640682e-01 +3.938640682e-01 -4.579461359e+02 -4.579461359e+02 -2.8253e-01 +2.4570e-02
320 +2.508854103e-01 +2.508854103e-01 -4.580891146e+02 -4.580891146e+02 +4.4191e-01 +4.5025e-01
370 +6.186359818e-02 +6.186359818e-02 -4.582781364e+02 -4.582781364e+02 +4.0873e-01 +3.9821e-01
410 +3.541651670e-02 +3.541651670e-02 -4.583045835e+02 -4.583045835e+02 +1.8084e-01 +3.0205e-01
442 +2.266664556e-02 +2.266664556e-02 -4.583173334e+02 -4.583173334e+02 +3.0458e-01 +3.6782e-01
520 +8.958902671e-03 +8.958902671e-03 -4.583310411e+02 -4.583310411e+02 +3.5212e-01 +3.8623e-01
1055 +2.777875224e-03 +2.777875224e-03 -4.583372221e+02 -4.583372221e+02 +4.6683e-01 +4.3408e-01
1105 +1.321081805e-03 +1.321081805e-03 -4.583386789e+02 -4.583386789e+02 +4.6742e-01 +4.3558e-01
1328 +8.805937776e-04 +8.805937776e-04 -4.583391194e+02 -4.583391194e+02 +4.7644e-01 +4.4078e-01
1503 +5.492546333e-04 +5.492546333e-04 -4.583394507e+02 -4.583394507e+02 +4.8951e-01 +4.4539e-01
1796 +3.826899729e-04 +3.826899729e-04 -4.583396173e+02 -4.583396173e+02 +4.9437e-01 +4.4814e-01
2079 +2.458765171e-04 +2.458765171e-04 -4.583397541e+02 -4.583397541e+02 +5.0124e-01 +4.5078e-01
2157 +3.011335923e-05 +3.011335923e-05 -4.583399699e+02 -4.583399699e+02 +5.2872e-01 +4.6260e-01
2257 +4.182127213e-06 +4.182127213e-06 -4.583399958e+02 -4.583399958e+02 +5.2912e-01 +4.6252e-01
2543 +3.356910838e-08 +3.356910838e-08 -4.583400000e+02 -4.583400000e+02 +5.3359e-01 +4.6437e-01
2693 +1.978384034e-08 +1.978384034e-08 -4.583400000e+02 -4.583400000e+02 +5.3359e-01 +4.6438e-01
2743 +1.395289928e-08 +1.395289928e-08 -4.583400000e+02 -4.583400000e+02 +5.3358e-01 +4.6438e-01
3149 +9.288555702e-09 +9.288555702e-09 -4.583400000e+02 -4.583400000e+02 +5.3353e-01 +4.6435e-01
% function evaluation | noise-free fitness - Fopt (2.188100000000e+02) | best noise-free fitness - Fopt | measured fitness | best measured fitness | x1 | x2...
1 +1.801109070e+03 +1.801109070e+03 +2.019919070e+03 +2.019919070e+03 -2.7897e+00 -2.9078e+00
2 +1.010436662e+03 +1.010436662e+03 +1.229246662e+03 +1.229246662e+03 +1.7203e+00 +2.1037e+00
3 +1.355792543e+02 +1.355792543e+02 +3.543892543e+02 +3.543892543e+02 +7.6121e-01 +4.3053e+00
25 +9.690273582e+00 +9.690273582e+00 +2.285002736e+02 +2.285002736e+02 +4.3111e+00 +1.6088e+00
32 +3.193695598e+00 +3.193695598e+00 +2.220036956e+02 +2.220036956e+02 +3.0171e-01 -3.6240e-02
43 +4.205358328e-01 +4.205358328e-01 +2.192305358e+02 +2.192305358e+02 +1.8229e+00 +3.5229e-01
218 +2.276502082e-01 +2.276502082e-01 +2.190376502e+02 +2.190376502e+02 +1.8376e+00 +3.3629e-01
343 +1.285850263e-01 +1.285850263e-01 +2.189385850e+02 +2.189385850e+02 +1.1189e+00 +8.7849e-02
455 +7.854380042e-02 +7.854380042e-02 +2.188885438e+02 +2.188885438e+02 +1.1255e+00 +6.8558e-02
478 +4.041294717e-02 +4.041294717e-02 +2.188504129e+02 +2.188504129e+02 +1.1198e+00 +7.1709e-02
505 +3.189856656e-02 +3.189856656e-02 +2.188418986e+02 +2.188418986e+02 +1.1144e+00 +7.2931e-02
790 +1.923920745e-02 +1.923920745e-02 +2.188292392e+02 +2.188292392e+02 +1.0046e+00 +3.6639e-02
955 +1.497294855e-02 +1.497294855e-02 +2.188249729e+02 +2.188249729e+02 +9.8048e-01 +3.1442e-02
1236 +7.533808077e-03 +7.533808077e-03 +2.188175338e+02 +2.188175338e+02 +5.5502e-01 -8.2081e-02
1273 +4.853132621e-03 +4.853132621e-03 +2.188148531e+02 +2.188148531e+02 +5.8034e-01 -8.0403e-02
1281 +1.159631819e-03 +1.159631819e-03 +2.188111596e+02 +2.188111596e+02 +7.1895e-01 -4.5596e-02
1305 +9.679211558e-06 +9.679211558e-06 +2.188100097e+02 +2.188100097e+02 +7.0807e-01 -4.7044e-02
1453 +4.579867607e-06 +4.579867607e-06 +2.188100046e+02 +2.188100046e+02 +7.0831e-01 -4.6769e-02
1481 +1.300512196e-06 +1.300512196e-06 +2.188100013e+02 +2.188100013e+02 +7.0748e-01 -4.7034e-02
1483 +9.309748066e-07 +9.309748066e-07 +2.188100009e+02 +2.188100009e+02 +7.0759e-01 -4.7040e-02
1823 +6.225207017e-07 +6.225207017e-07 +2.188100006e+02 +2.188100006e+02 +7.0721e-01 -4.7135e-02
2314 +3.942959950e-07 +3.942959950e-07 +2.188100004e+02 +2.188100004e+02 +7.0686e-01 -4.7226e-02
2501 +2.260806866e-07 +2.260806866e-07 +2.188100002e+02 +2.188100002e+02 +7.0653e-01 -4.7312e-02
2664 +1.479420746e-07 +1.479420746e-07 +2.188100001e+02 +2.188100001e+02 +7.0633e-01 -4.7368e-02
2777 +5.149692583e-08 +5.149692583e-08 +2.188100001e+02 +2.188100001e+02 +7.0529e-01 -4.7628e-02
2827 +1.781268111e-08 +1.781268111e-08 +2.188100000e+02 +2.188100000e+02 +7.0522e-01 -4.7657e-02
2918 +5.856719554e-09 +5.856719554e-09 +2.188100000e+02 +2.188100000e+02 +7.0535e-01 -4.7623e-02
% function evaluation | noise-free fitness - Fopt (-1.613100000000e+02) | best noise-free fitness - Fopt | measured fitness | best measured fitness | x1 | x2...
1 +3.686723744e+04 +3.686723744e+04 +3.670592744e+04 +3.670592744e+04 -6.4347e-01 -4.5310e+00
2 +6.639599880e+03 +6.639599880e+03 +6.478289880e+03 +6.478289880e+03 +1.3358e+00 +4.0263e+00
5 +4.596676508e+01 +4.596676508e+01 -1.153432349e+02 -1.153432349e+02 +1.3176e-01 +3.9143e-01
28 +2.732686341e+01 +2.732686341e+01 -1.339831366e+02 -1.339831366e+02 +2.2857e-02 +2.7229e+00
29 +1.202213666e+00 +1.202213666e+00 -1.601077863e+02 -1.601077863e+02 +7.2274e-01 -6.6519e-02
109 +1.555493786e-01 +1.555493786e-01 -1.611544506e+02 -1.611544506e+02 -7.0335e-01 +3.0188e-02
246 +6.643666574e-02 +6.643666574e-02 -1.612435633e+02 -1.612435633e+02 -9.1671e-01 +8.0694e-02
248 +2.680050857e-02 +2.680050857e-02 -1.612831995e+02 -1.612831995e+02 -8.1825e-01 +6.0477e-02
298 +1.510088782e-02 +1.510088782e-02 -1.612948991e+02 -1.612948991e+02 -8.2760e-01 +6.1877e-02
327 +1.718192825e-03 +1.718192825e-03 -1.613082818e+02 -1.613082818e+02 -7.9562e-01 +4.4888e-02
453 +1.352815344e-03 +1.352815344e-03 -1.613086472e+02 -1.613086472e+02 -7.6191e-01 +3.1218e-02
637 +9.633995083e-04 +9.633995083e-04 -1.613090366e+02 -1.613090366e+02 -7.7219e-01 +3.6449e-02
658 +2.511069983e-04 +2.511069983e-04 -1.613097489e+02 -1.613097489e+02 -7.3539e-01 +2.3217e-02
715 +6.468024114e-05 +6.468024114e-05 -1.613099353e+02 -1.613099353e+02 -6.9359e-01 +7.7178e-03
909 +5.378466312e-06 +5.378466312e-06 -1.613099946e+02 -1.613099946e+02 -7.0631e-01 +1.2545e-02
1059 +2.175081534e-06 +2.175081534e-06 -1.613099978e+02 -1.613099978e+02 -7.0554e-01 +1.2225e-02
1156 +1.140544128e-06 +1.140544128e-06 -1.613099989e+02 -1.613099989e+02 -7.0571e-01 +1.2266e-02
1194 +4.759927492e-07 +4.759927492e-07 -1.613099995e+02 -1.613099995e+02 -7.0566e-01 +1.2219e-02
1317 +3.905470010e-07 +3.905470010e-07 -1.613099996e+02 -1.613099996e+02 -7.0570e-01 +1.2226e-02
1543 +4.995700920e-08 +4.995700920e-08 -1.613100000e+02 -1.613100000e+02 -7.0653e-01 +1.2515e-02
1721 +8.871268165e-09 +8.871268165e-09 -1.613100000e+02 -1.613100000e+02 -7.0713e-01 +1.2730e-02
% function evaluation | noise-free fitness - Fopt (-1.000000000000e+03) | best noise-free fitness - Fopt | measured fitness | best measured fitness | x1 | x2...
1 +3.380796019e+02 +3.380796019e+02 -6.619203981e+02 -6.619203981e+02 +4.5628e+00 -9.0753e-01
2 +5.400361651e+00 +5.400361651e+00 -9.945996383e+02 -9.945996383e+02 +1.7041e+00 +2.1231e-01
79 +1.402520692e+00 +1.402520692e+00 -9.985974793e+02 -9.985974793e+02 -3.2827e-01 -1.2416e-02
97 +8.040039921e-01 +8.040039921e-01 -9.991959960e+02 -9.991959960e+02 +1.0827e+00 +2.3418e-01
149 +1.510350800e-01 +1.510350800e-01 -9.998489649e+02 -9.998489649e+02 -6.1137e-02 +1.5995e-01
152 +6.004432789e-02 +6.004432789e-02 -9.999399557e+02 -9.999399557e+02 +5.0401e-01 +2.0515e-01
202 +3.911912810e-02 +3.911912810e-02 -9.999608809e+02 -9.999608809e+02 +3.7329e-01 +2.0441e-01
252 +1.773303796e-02 +1.773303796e-02 -9.999822670e+02 -9.999822670e+02 +4.1944e-01 +2.1059e-01
302 +1.581622666e-02 +1.581622666e-02 -9.999841838e+02 -9.999841838e+02 +4.2547e-01 +2.1140e-01
382 +3.418109603e-03 +3.418109603e-03 -9.999965819e+02 -9.999965819e+02 +6.1081e-01 +2.1985e-01
423 +2.152808646e-03 +2.152808646e-03 -9.999978472e+02 -9.999978472e+02 +6.2665e-01 +2.1938e-01
473 +8.201769328e-04 +8.201769328e-04 -9.999991798e+02 -9.999991798e+02 +6.4662e-01 +2.1860e-01
525 +5.654693935e-04 +5.654693935e-04 -9.999994345e+02 -9.999994345e+02 +6.2288e-01 +2.1785e-01
552 +2.713583381e-04 +2.713583381e-04 -9.999997286e+02 -9.999997286e+02 +6.4849e-01 +2.1797e-01
652 +2.342566063e-04 +2.342566063e-04 -9.999997657e+02 -9.999997657e+02 +6.4902e-01 +2.1791e-01
690 +8.324253452e-05 +8.324253452e-05 -9.999999168e+02 -9.999999168e+02 +6.6214e-01 +2.1697e-01
730 +2.089592806e-05 +2.089592806e-05 -9.999999791e+02 -9.999999791e+02 +6.6580e-01 +2.1714e-01
769 +4.327978218e-06 +4.327978218e-06 -9.999999957e+02 -9.999999957e+02 +6.6836e-01 +2.1725e-01
802 +1.443584893e-06 +1.443584893e-06 -9.999999986e+02 -9.999999986e+02 +6.7024e-01 +2.1725e-01
852 +6.352993296e-07 +6.352993296e-07 -9.999999994e+02 -9.999999994e+02 +6.7114e-01 +2.1724e-01
902 +5.563800869e-07 +5.563800869e-07 -9.999999994e+02 -9.999999994e+02 +6.7125e-01 +2.1723e-01
988 +3.931656920e-07 +3.931656920e-07 -9.999999996e+02 -9.999999996e+02 +6.7167e-01 +2.1722e-01
997 +2.322724413e-08 +2.322724413e-08 -1.000000000e+03 -1.000000000e+03 +6.7322e-01 +2.1722e-01
1080 +1.482658263e-08 +1.482658263e-08 -1.000000000e+03 -1.000000000e+03 +6.7318e-01 +2.1721e-01
1123 +8.066876944e-09 +8.066876944e-09 -1.000000000e+03 -1.000000000e+03 +6.7312e-01 +2.1722e-01
% function evaluation | noise-free fitness - Fopt (5.350000000000e+01) | best noise-free fitness - Fopt | measured fitness | best measured fitness | x1 | x2...
1 +3.572585087e+02 +3.572585087e+02 +4.107585087e+02 +4.107585087e+02 +1.1706e+00 -9.2814e-01
7 +1.581683696e+02 +1.581683696e+02 +2.116683696e+02 +2.116683696e+02 +4.5276e+00 -4.1925e+00
30 +1.020707277e+01 +1.020707277e+01 +6.370707277e+01 +6.370707277e+01 +1.6512e+00 -2.8543e+00
91 +9.840200466e+00 +9.840200466e+00 +6.334020047e+01 +6.334020047e+01 -2.6083e-01 -9.7416e-01
170 +1.844985265e+00 +1.844985265e+00 +5.534498526e+01 +5.534498526e+01 +2.7610e-01 +1.8706e-01
201 +6.395320014e-01 +6.395320014e-01 +5.413953200e+01 +5.413953200e+01 +2.1786e-01 +2.8780e-01
260 +1.338629109e-01 +1.338629109e-01 +5.363386291e+01 +5.363386291e+01 +7.2685e-01 +3.6574e-01
352 +4.703856039e-02 +4.703856039e-02 +5.354703856e+01 +5.354703856e+01 +6.1479e-01 +3.2200e-01
402 +1.200342199e-02 +1.200342199e-02 +5.351200342e+01 +5.351200342e+01 +6.0726e-01 +3.2561e-01
452 +9.546627147e-03 +9.546627147e-03 +5.350954663e+01 +5.350954663e+01 +6.0643e-01 +3.2601e-01
459 +3.163671321e-03 +3.163671321e-03 +5.350316367e+01 +5.350316367e+01 +5.0695e-01 +3.1299e-01
651 +1.442622715e-03 +1.442622715e-03 +5.350144262e+01 +5.350144262e+01 +5.4837e-01 +3.2081e-01
702 +8.239087815e-04 +8.239087815e-04 +5.350082391e+01 +5.350082391e+01 +5.6173e-01 +3.2273e-01
1168 +6.232775666e-04 +6.232775666e-04 +5.350062328e+01 +5.350062328e+01 +5.6944e-01 +3.2379e-01
1603 +1.177838414e-04 +1.177838414e-04 +5.350011778e+01 +5.350011778e+01 +6.4718e-01 +3.3727e-01
1705 +2.940268961e-05 +2.940268961e-05 +5.350002940e+01 +5.350002940e+01 +6.3459e-01 +3.3517e-01
1945 +2.510851179e-05 +2.510851179e-05 +5.350002511e+01 +5.350002511e+01 +6.3462e-01 +3.3529e-01
2014 +7.510502613e-06 +7.510502613e-06 +5.350000751e+01 +5.350000751e+01 +6.2756e-01 +3.3399e-01
2093 +6.486025654e-07 +6.486025654e-07 +5.350000065e+01 +5.350000065e+01 +6.2458e-01 +3.3355e-01
2143 +1.719056328e-07 +1.719056328e-07 +5.350000017e+01 +5.350000017e+01 +6.2337e-01 +3.3335e-01
2249 +7.948934666e-08 +7.948934666e-08 +5.350000008e+01 +5.350000008e+01 +6.2322e-01 +3.3336e-01
2299 +4.354655658e-08 +4.354655658e-08 +5.350000004e+01 +5.350000004e+01 +6.2313e-01 +3.3333e-01
2364 +3.494928080e-08 +3.494928080e-08 +5.350000003e+01 +5.350000003e+01 +6.2363e-01 +3.3341e-01
2464 +1.448504605e-08 +1.448504605e-08 +5.350000001e+01 +5.350000001e+01 +6.2338e-01 +3.3337e-01
2545 +5.104510592e-09 +5.104510592e-09 +5.350000001e+01 +5.350000001e+01 +6.2346e-01 +3.3338e-01
% function evaluation | noise-free fitness - Fopt (-1.700600000000e+02) | best noise-free fitness - Fopt | measured fitness | best measured fitness | x1 | x2...
1 +5.402319511e+03 +5.402319511e+03 +5.232259511e+03 +5.232259511e+03 -2.9198e+00 +1.5208e+00
3 +7.853005677e+02 +7.853005677e+02 +6.152405677e+02 +6.152405677e+02 +1.4022e+00 +3.2514e+00
7 +1.516833904e+02 +1.516833904e+02 -1.837660958e+01 -1.837660958e+01 +1.4763e+00 +4.5203e+00
17 +7.078756509e+00 +7.078756509e+00 -1.629812435e+02 -1.629812435e+02 -9.2666e-01 -8.0184e-02
67 +4.339612171e+00 +4.339612171e+00 -1.657203878e+02 -1.657203878e+02 -8.7420e-01 -4.3831e-02
117 +3.737793064e+00 +3.737793064e+00 -1.663222069e+02 -1.663222069e+02 -8.5992e-01 -3.3934e-02
159 +1.055777724e-01 +1.055777724e-01 -1.699544222e+02 -1.699544222e+02 +3.1134e-01 -1.1331e-01
255 +5.855341947e-04 +5.855341947e-04 -1.700594145e+02 -1.700594145e+02 +6.6593e-01 -4.4373e-02
570 +2.192807134e-04 +2.192807134e-04 -1.700597807e+02 -1.700597807e+02 +7.0727e-01 -3.4295e-02
691 +4.357513032e-05 +4.357513032e-05 -1.700599564e+02 -1.700599564e+02 +7.0221e-01 -3.4736e-02
741 +1.490786912e-05 +1.490786912e-05 -1.700599851e+02 -1.700599851e+02 +7.0326e-01 -3.4903e-02
786 +5.288620741e-08 +5.288620741e-08 -1.700599999e+02 -1.700599999e+02 +7.0622e-01 -3.3894e-02
986 +1.162959506e-09 +1.162959506e-09 -1.700600000e+02 -1.700600000e+02 +7.0623e-01 -3.3902e-02
% function evaluation | noise-free fitness - Fopt (3.780000000000e+01) | best noise-free fitness - Fopt | measured fitness | best measured fitness | x1 | x2...
1 +2.164966675e+02 +2.164966675e+02 +2.542966675e+02 +2.542966675e+02 +1.7484e+00 +1.7323e+00
5 +1.095680610e+02 +1.095680610e+02 +1.473680610e+02 +1.473680610e+02 -1.2463e+00 -1.9280e-01
7 +1.290497860e+01 +1.290497860e+01 +5.070497860e+01 +5.070497860e+01 +2.9319e-01 +1.3550e+00
37 +9.238339276e+00 +9.238339276e+00 +4.703833928e+01 +4.703833928e+01 +4.8358e+00 -1.1070e+00
52 +1.723438237e+00 +1.723438237e+00 +3.952343824e+01 +3.952343824e+01 +4.1230e+00 -1.0811e+00
70 +1.393715308e+00 +1.393715308e+00 +3.919371531e+01 +3.919371531e+01 -5.7037e-01 +2.0780e-01
197 +4.381255839e-01 +4.381255839e-01 +3.823812558e+01 +3.823812558e+01 +1.8891e+00 -7.8933e-01
220 +2.395138125e-01 +2.395138125e-01 +3.803951381e+01 +3.803951381e+01 +1.3574e+00 -6.4802e-01
358 +1.072502636e-01 +1.072502636e-01 +3.790725026e+01 +3.790725026e+01 +1.3029e+00 -6.4402e-01
369 +9.970806610e-02 +9.970806610e-02 +3.789970807e+01 +3.789970807e+01 +1.2408e+00 -6.2778e-01
608 +6.042170283e-02 +6.042170283e-02 +3.786042170e+01 +3.786042170e+01 +1.1283e+00 -6.0583e-01
802 +5.514758210e-03 +5.514758210e-03 +3.780551476e+01 +3.780551476e+01 +7.2055e-01 -4.8635e-01
999 +3.628653161e-03 +3.628653161e-03 +3.780362865e+01 +3.780362865e+01 +6.8673e-01 -4.7523e-01
1134 +2.341555803e-03 +2.341555803e-03 +3.780234156e+01 +3.780234156e+01 +6.6118e-01 -4.6700e-01
1391 +1.540717138e-03 +1.540717138e-03 +3.780154072e+01 +3.780154072e+01 +6.4139e-01 -4.6132e-01
1577 +7.588262390e-04 +7.588262390e-04 +3.780075883e+01 +3.780075883e+01 +5.7861e-01 -4.4085e-01
1602 +2.694069924e-04 +2.694069924e-04 +3.780026941e+01 +3.780026941e+01 +5.9053e-01 -4.4340e-01
1677 +1.798598513e-04 +1.798598513e-04 +3.780017986e+01 +3.780017986e+01 +5.8435e-01 -4.4190e-01
1740 +2.120242504e-05 +2.120242504e-05 +3.780002120e+01 +3.780002120e+01 +5.6237e-01 -4.3420e-01
1866 +9.081062800e-07 +9.081062800e-07 +3.780000091e+01 +3.780000091e+01 +5.5922e-01 -4.3294e-01
1916 +1.504959215e-07 +1.504959215e-07 +3.780000015e+01 +3.780000015e+01 +5.5917e-01 -4.3290e-01
2052 +3.727843279e-08 +3.727843279e-08 +3.780000004e+01 +3.780000004e+01 +5.5954e-01 -4.3301e-01
2219 +1.801834770e-08 +1.801834770e-08 +3.780000002e+01 +3.780000002e+01 +5.5920e-01 -4.3288e-01
2277 +7.070610764e-11 +7.070610764e-11 +3.780000000e+01 +3.780000000e+01 +5.5914e-01 -4.3287e-01
% function evaluation | noise-free fitness - Fopt (-1.139000000000e+01) | best noise-free fitness - Fopt | measured fitness | best measured fitness | x1 | x2...
1 +3.642648496e+04 +3.642648496e+04 +3.641509496e+04 +3.641509496e+04 -4.0179e+00 +7.1548e-01
2 +2.498029023e+00 +2.498029023e+00 -8.891970977e+00 -8.891970977e+00 +7.0754e-01 -3.4855e-01
69 +1.336651299e+00 +1.336651299e+00 -1.005334870e+01 -1.005334870e+01 -1.2974e+00 +2.5343e+00
151 +4.752792231e-01 +4.752792231e-01 -1.091472078e+01 -1.091472078e+01 -1.0586e+00 +1.8150e+00
171 +3.307236601e-01 +3.307236601e-01 -1.105927634e+01 -1.105927634e+01 -6.0189e-01 +7.4701e-01
223 +2.261963719e-01 +2.261963719e-01 -1.116380363e+01 -1.116380363e+01 -9.3991e-01 +1.4961e+00
227 +1.364055807e-01 +1.364055807e-01 -1.125359442e+01 -1.125359442e+01 -8.4213e-01 +1.2403e+00
291 +8.150572781e-02 +8.150572781e-02 -1.130849427e+01 -1.130849427e+01 -7.2963e-01 +9.9655e-01
360 +5.045781861e-02 +5.045781861e-02 -1.133954218e+01 -1.133954218e+01 -7.3353e-01 +9.8531e-01
413 +3.674053836e-02 +3.674053836e-02 -1.135325946e+01 -1.135325946e+01 -6.3628e-01 +7.5197e-01
478 +5.234640653e-03 +5.234640653e-03 -1.138476536e+01 -1.138476536e+01 -5.7901e-01 +6.4391e-01
708 +2.963410817e-03 +2.963410817e-03 -1.138703659e+01 -1.138703659e+01 -5.5829e-01 +5.9891e-01
791 +2.414570079e-03 +2.414570079e-03 -1.138758543e+01 -1.138758543e+01 -5.5540e-01 +5.9492e-01
921 +9.844818011e-04 +9.844818011e-04 -1.138901552e+01 -1.138901552e+01 -5.2463e-01 +5.3023e-01
1016 +4.934237859e-04 +4.934237859e-04 -1.138950658e+01 -1.138950658e+01 -5.2594e-01 +5.3619e-01
1059 +3.090617493e-04 +3.090617493e-04 -1.138969094e+01 -1.138969094e+01 -5.2285e-01 +5.2879e-01
1121 +1.617985379e-04 +1.617985379e-04 -1.138983820e+01 -1.138983820e+01 -5.1813e-01 +5.1964e-01
1259 +1.431060431e-04 +1.431060431e-04 -1.138985689e+01 -1.138985689e+01 -5.1721e-01 +5.1775e-01
1484 +1.022737417e-05 +1.022737417e-05 -1.138998977e+01 -1.138998977e+01 -5.0787e-01 +4.9988e-01
1534 +7.488885513e-06 +7.488885513e-06 -1.138999251e+01 -1.138999251e+01 -5.0805e-01 +5.0008e-01
1776 +5.838918071e-06 +5.838918071e-06 -1.138999416e+01 -1.138999416e+01 -5.0744e-01 +4.9897e-01
2077 +2.964936259e-06 +2.964936259e-06 -1.138999704e+01 -1.138999704e+01 -5.0684e-01 +4.9760e-01
2127 +1.964812929e-06 +1.964812929e-06 -1.138999804e+01 -1.138999804e+01 -5.0672e-01 +4.9745e-01
2221 +1.540928972e-06 +1.540928972e-06 -1.138999846e+01 -1.138999846e+01 -5.0642e-01 +4.9691e-01
2305 +9.376925778e-07 +9.376925778e-07 -1.138999906e+01 -1.138999906e+01 -5.0627e-01 +4.9657e-01
2650 +6.267066972e-07 +6.267066972e-07 -1.138999937e+01 -1.138999937e+01 -5.0610e-01 +4.9623e-01
2966 +3.814933756e-07 +3.814933756e-07 -1.138999962e+01 -1.138999962e+01 -5.0589e-01 +4.9581e-01
3801 +2.509778678e-07 +2.509778678e-07 -1.138999975e+01 -1.138999975e+01 -5.0580e-01 +4.9565e-01
4251 +1.576049034e-07 +1.576049034e-07 -1.138999984e+01 -1.138999984e+01 -5.0569e-01 +4.9544e-01
4718 +9.985533644e-08 +9.985533644e-08 -1.138999990e+01 -1.138999990e+01 -5.0561e-01 +4.9528e-01
% function evaluation | noise-free fitness - Fopt (5.650000000000e+01) | best noise-free fitness - Fopt | measured fitness | best measured fitness | x1 | x2...
1 +2.986363193e+02 +2.986363193e+02 +3.551363193e+02 +3.551363193e+02 -3.2323e+00 +4.3141e+00
2 +4.558922794e+01 +4.558922794e+01 +1.020892279e+02 +1.020892279e+02 -8.6205e-01 +2.5431e-01
30 +5.141825589e+00 +5.141825589e+00 +6.164182559e+01 +6.164182559e+01 -1.2394e-01 -1.4935e-01
82 +3.416361853e+00 +3.416361853e+00 +5.991636185e+01 +5.991636185e+01 -5.8019e-01 -6.5906e-01
123 +4.903067644e-03 +4.903067644e-03 +5.650490307e+01 +5.650490307e+01 +4.4528e-01 +4.3387e-01
373 +3.710996178e-03 +3.710996178e-03 +5.650371100e+01 +5.650371100e+01 +4.4436e-01 +4.3324e-01
423 +2.299342911e-03 +2.299342911e-03 +5.650229934e+01 +5.650229934e+01 +4.4337e-01 +4.3343e-01
1026 +9.054881854e-04 +9.054881854e-04 +5.650090549e+01 +5.650090549e+01 +4.5585e-01 +4.6124e-01
1509 +2.702373354e-04 +2.702373354e-04 +5.650027024e+01 +5.650027024e+01 +4.6755e-01 +4.8837e-01
1559 +1.896713811e-04 +1.896713811e-04 +5.650018967e+01 +5.650018967e+01 +4.6870e-01 +4.9003e-01
1641 +1.556705598e-04 +1.556705598e-04 +5.650015567e+01 +5.650015567e+01 +4.7113e-01 +4.9600e-01
2434 +3.903915484e-06 +3.903915484e-06 +5.650000390e+01 +5.650000390e+01 +4.7961e-01 +5.1388e-01
2565 +2.430889467e-06 +2.430889467e-06 +5.650000243e+01 +5.650000243e+01 +4.8061e-01 +5.1594e-01
2619 +1.359777883e-06 +1.359777883e-06 +5.650000136e+01 +5.650000136e+01 +4.8045e-01 +5.1578e-01
2867 +9.842839006e-07 +9.842839006e-07 +5.650000098e+01 +5.650000098e+01 +4.8053e-01 +5.1590e-01
2963 +3.385285581e-07 +3.385285581e-07 +5.650000034e+01 +5.650000034e+01 +4.8135e-01 +5.1778e-01
2989 +8.392733974e-08 +8.392733974e-08 +5.650000008e+01 +5.650000008e+01 +4.8165e-01 +5.1834e-01
3040 +7.856229445e-09 +7.856229445e-09 +5.650000001e+01 +5.650000001e+01 +4.8151e-01 +5.1807e-01
