% function evaluation | noise-free fitness - Fopt (7.948000000000e+01) | best noise-free fitness - Fopt | measured fitness | best measured fitness | x1 | x2...
1 +1.852559720e+01 +1.852559720e+01 +9.800559720e+01 +9.800559720e+01 -2.6073e+00 -4.3733e+00
3 +6.341799771e+00 +6.341799771e+00 +8.582179977e+01 +8.582179977e+01 +2.7689e+00 -1.2623e+00
4 +4.359100925e+00 +4.359100925e+00 +8.383910093e+01 +8.383910093e+01 -8.5752e-01 -2.9249e+00
23 +1.957704705e+00 +1.957704705e+00 +8.143770471e+01 +8.143770471e+01 +8.3554e-01 -2.4289e+00
37 +1.464959722e+00 +1.464959722e+00 +8.094495972e+01 +8.094495972e+01 -3.9934e-01 -1.3715e-01
41 +8.974314658e-01 +8.974314658e-01 +8.037743147e+01 +8.037743147e+01 -6.9042e-01 -1.0687e+00
44 +4.090785211e-01 +4.090785211e-01 +7.988907852e+01 +7.988907852e+01 +9.1290e-02 -5.3794e-01
57 +2.089705433e-01 +2.089705433e-01 +7.968897054e+01 +7.968897054e+01 +5.1285e-01 -1.5328e+00
69 +1.224334408e-01 +1.224334408e-01 +7.960243344e+01 +7.960243344e+01 +6.0254e-01 -1.1461e+00
73 +8.904789241e-02 +8.904789241e-02 +7.956904789e+01 +7.956904789e+01 +5.4057e-01 -1.2358e+00
77 +1.918526992e-02 +1.918526992e-02 +7.949918527e+01 +7.949918527e+01 +3.3565e-01 -1.0458e+00
94 +1.406631108e-02 +1.406631108e-02 +7.949406631e+01 +7.949406631e+01 +2.0016e-01 -1.0505e+00
107 +7.120278432e-03 +7.120278432e-03 +7.948712028e+01 +7.948712028e+01 +2.9980e-01 -1.0867e+00
111 +2.052851491e-03 +2.052851491e-03 +7.948205285e+01 +7.948205285e+01 +2.7399e-01 -1.1168e+00
122 +3.829513789e-04 +3.829513789e-04 +7.948038295e+01 +7.948038295e+01 +2.3376e-01 -1.1523e+00
148 +5.081643299e-05 +5.081643299e-05 +7.948005082e+01 +7.948005082e+01 +2.5672e-01 -1.1628e+00
163 +8.819070700e-07 +8.819070700e-07 +7.948000088e+01 +7.948000088e+01 +2.5231e-01 -1.1576e+00
193 +3.738266940e-07 +3.738266940e-07 +7.948000037e+01 +7.948000037e+01 +2.5328e-01 -1.1572e+00
210 +3.852544239e-08 +3.852544239e-08 +7.948000004e+01 +7.948000004e+01 +2.5286e-01 -1.1566e+00
224 +2.804512178e-10 +2.804512178e-10 +7.948000000e+01 +7.948000000e+01 +2.5278e-01 -1.1568e+00
% function evaluation | noise-free fitness - Fopt (3.944800000000e+02) | best noise-free fitness - Fopt | measured fitness | best measured fitness | x1 | x2...
1 +3.853160304e+01 +3.853160304e+01 +4.330116030e+02 +4.330116030e+02 +2.2522e+00 -3.7278e+00
6 +7.174660785e+00 +7.174660785e+00 +4.016546608e+02 +4.016546608e+02 -1.3145e+00 -2.1846e+00
11 +3.666636694e+00 +3.666636694e+00 +3.981466367e+02 +3.981466367e+02 -2.0037e+00 -2.6132e+00
26 +2.418010550e+00 +2.418010550e+00 +3.968980105e+02 +3.968980105e+02 -4.7348e+00 -1.5795e+00
34 +1.729963086e-01 +1.729963086e-01 +3.946529963e+02 +3.946529963e+02 -3.5143e+00 -2.7309e+00
44 +5.257720246e-02 +5.257720246e-02 +3.945325772e+02 +3.945325772e+02 -4.0422e+00 -3.0690e+00
68 +3.403075658e-02 +3.403075658e-02 +3.945140308e+02 +3.945140308e+02 -3.7378e+00 -2.7996e+00
90 +1.982594693e-02 +1.982594693e-02 +3.944998259e+02 +3.944998259e+02 -3.7743e+00 -2.9569e+00
92 +2.123782016e-03 +2.123782016e-03 +3.944821238e+02 +3.944821238e+02 -3.9442e+00 -2.8855e+00
97 +3.674046455e-04 +3.674046455e-04 +3.944803674e+02 +3.944803674e+02 -3.8911e+00 -2.8727e+00
117 +1.306150584e-04 +1.306150584e-04 +3.944801306e+02 +3.944801306e+02 -3.8929e+00 -2.8804e+00
129 +5.010350776e-06 +5.010350776e-06 +3.944800050e+02 +3.944800050e+02 -3.8986e+00 -2.8882e+00
155 +3.549872190e-06 +3.549872190e-06 +3.944800035e+02 +3.944800035e+02 -3.8970e+00 -2.8917e+00
174 +2.261509280e-06 +2.261509280e-06 +3.944800023e+02 +3.944800023e+02 -3.8993e+00 -2.8892e+00
191 +5.831525414e-07 +5.831525414e-07 +3.944800006e+02 +3.944800006e+02 -3.8985e+00 -2.8912e+00
202 +3.840898444e-07 +3.840898444e-07 +3.944800004e+02 +3.944800004e+02 -3.8980e+00 -2.8899e+00
215 +1.839649713e-07 +1.839649713e-07 +3.944800002e+02 +3.944800002e+02 -3.8982e+00 -2.8900e+00
216 +1.089819079e-08 +1.089819079e-08 +3.944800000e+02 +3.944800000e+02 -3.8985e+00 -2.8904e+00
240 +3.648608526e-09 +3.648608526e-09 +3.944800000e+02 +3.944800000e+02 -3.8983e+00 -2.8904e+00
% function evaluation | noise-free fitness - Fopt (-2.471100000000e+02) | best noise-free fitness - Fopt | measured fitness | best measured fitness | x1 | x2...
1 +3.323042422e+00 +3.323042422e+00 -2.437869576e+02 -2.437869576e+02 -2.4001e+00 +1.3727e+00
13 +1.471849463e+00 +1.471849463e+00 -2.456381505e+02 -2.456381505e+02 -3.8558e+00 +1.4150e+00
16 +9.294414745e-01 +9.294414745e-01 -2.461805585e+02 -2.461805585e+02 -2.8437e+00 +3.3706e-01
27 +6.067403632e-02 +6.067403632e-02 -2.470493260e+02 -2.470493260e+02 -4.0447e+00 +2.0227e-01
47 +3.805724453e-02 +3.805724453e-02 -2.470719428e+02 -2.470719428e+02 -3.6678e+00 +5.8249e-02
60 +1.424688435e-02 +1.424688435e-02 -2.470957531e+02 -2.470957531e+02 -3.6826e+00 +1.7434e-01
75 +7.912113404e-03 +7.912113404e-03 -2.471020879e+02 -2.471020879e+02 -3.8552e+00 +1.3477e-01
90 +5.355921450e-03 +5.355921450e-03 -2.471046441e+02 -2.471046441e+02 -3.7339e+00 +1.6866e-01
99 +3.452437288e-03 +3.452437288e-03 -2.471065476e+02 -2.471065476e+02 -3.7897e+00 +2.6130e-01
104 +1.910211033e-03 +1.910211033e-03 -2.471080898e+02 -2.471080898e+02 -3.8420e+00 +2.0077e-01
121 +1.306974643e-03 +1.306974643e-03 -2.471086930e+02 -2.471086930e+02 -3.8040e+00 +1.6749e-01
138 +8.736495587e-05 +8.736495587e-05 -2.471099126e+02 -2.471099126e+02 -3.8038e+00 +1.9559e-01
139 +4.744342621e-05 +4.744342621e-05 -2.471099526e+02 -2.471099526e+02 -3.7932e+00 +1.9869e-01
162 +3.562187092e-05 +3.562187092e-05 -2.471099644e+02 -2.471099644e+02 -3.7992e+00 +2.0911e-01
166 +2.056826722e-05 +2.056826722e-05 -2.471099794e+02 -2.471099794e+02 -3.7988e+00 +1.9868e-01
173 +1.084585458e-05 +1.084585458e-05 -2.471099892e+02 -2.471099892e+02 -3.8014e+00 +2.0460e-01
183 +1.130207949e-06 +1.130207949e-06 -2.471099989e+02 -2.471099989e+02 -3.7990e+00 +2.0407e-01
202 +1.776730016e-07 +1.776730016e-07 -2.471099998e+02 -2.471099998e+02 -3.7985e+00 +2.0361e-01
207 +5.635683920e-08 +5.635683920e-08 -2.471099999e+02 -2.471099999e+02 -3.7982e+00 +2.0312e-01
227 +1.781961600e-08 +1.781961600e-08 -2.471100000e+02 -2.471100000e+02 -3.7985e+00 +2.0325e-01
233 +1.392777449e-09 +1.392777449e-09 -2.471100000e+02 -2.471100000e+02 -3.7984e+00 +2.0323e-01
% function evaluation | noise-free fitness - Fopt (-1.520400000000e+02) | best noise-free fitness - Fopt | measured fitness | best measured fitness | x1 | x2...
1 +3.582861612e+01 +3.582861612e+01 -1.162113839e+02 -1.162113839e+02 -3.3862e+00 -3.6849e+00
6 +1.623836564e+01 +1.623836564e+01 -1.358016344e+02 -1.358016344e+02 -3.5965e+00 -8.4622e-01
8 +6.129508112e+00 +6.129508112e+00 -1.459104919e+02 -1.459104919e+02 -2.5790e-02 -1.0400e+00
20 +3.150410536e+00 +3.150410536e+00 -1.488895895e+02 -1.488895895e+02 +1.4975e+00 +1.6140e+00
22 +1.925032827e+00 +1.925032827e+00 -1.501149672e+02 -1.501149672e+02 -9.3127e-01 +2.0579e-01
40 +9.201221933e-02 +9.201221933e-02 -1.519479878e+02 -1.519479878e+02 -5.5700e-01 +1.3344e+00
62 +2.922625733e-02 +2.922625733e-02 -1.520107737e+02 -1.520107737e+02 -3.4765e-01 +1.2732e+00
78 +1.484548110e-02 +1.484548110e-02 -1.520251545e+02 -1.520251545e+02 -3.2589e-01 +1.3172e+00
89 +7.115417291e-03 +7.115417291e-03 -1.520328846e+02 -1.520328846e+02 -2.6257e-01 +1.3398e+00
94 +6.198445931e-03 +6.198445931e-03 -1.520338016e+02 -1.520338016e+02 -3.0092e-01 +1.3529e+00
100 +2.085183886e-04 +2.085183886e-04 -1.520397915e+02 -1.520397915e+02 -2.7851e-01 +1.4330e+00
109 +1.431642359e-04 +1.431642359e-04 -1.520398568e+02 -1.520398568e+02 -2.6649e-01 +1.4121e+00
131 +9.325041142e-05 +9.325041142e-05 -1.520399067e+02 -1.520399067e+02 -2.7391e-01 +1.4309e+00
143 +9.209935655e-06 +9.209935655e-06 -1.520399908e+02 -1.520399908e+02 -2.6589e-01 +1.4213e+00
158 +3.081715477e-06 +3.081715477e-06 -1.520399969e+02 -1.520399969e+02 -2.6668e-01 +1.4223e+00
166 +1.758831019e-06 +1.758831019e-06 -1.520399982e+02 -1.520399982e+02 -2.6714e-01 +1.4253e+00
179 +1.236023763e-06 +1.236023763e-06 -1.520399988e+02 -1.520399988e+02 -2.6784e-01 +1.4249e+00
183 +3.404949780e-07 +3.404949780e-07 -1.520399997e+02 -1.520399997e+02 -2.6708e-01 +1.4246e+00
190 +1.081623964e-07 +1.081623964e-07 -1.520399999e+02 -1.520399999e+02 -2.6751e-01 +1.4241e+00
202 +9.675764545e-08 +9.675764545e-08 -1.520399999e+02 -1.520399999e+02 -2.6747e-01 +1.4238e+00
225 +3.803108939e-09 +3.803108939e-09 -1.520400000e+02 -1.520400000e+02 -2.6726e-01 +1.4240e+00
% function evaluation | noise-free fitness - Fopt (-2.525000000000e+01) | best noise-free fitness - Fopt | measured fitness | best measured fitness | x1 | x2...
1 +1.706632936e+01 +1.706632936e+01 -8.183670642e+00 -8.183670642e+00 +2.9586e+00 -3.4436e+00
3 +1.574208474e+01 +1.574208474e+01 -9.507915261e+00 -9.507915261e+00 -3.2752e-01 +1.8422e-01
9 +8.968633372e+00 +8.968633372e+00 -1.628136663e+01 -1.628136663e+01 +6.0958e+00 -1.0415e+00
20 +2.333503898e+00 +2.333503898e+00 -2.291649610e+01 -2.291649610e+01 +2.2840e+00 +1.3859e+00
25 +2.559448696e-01 +2.559448696e-01 -2.499405513e+01 -2.499405513e+01 +3.7117e+00 +1.3873e-01
41 +2.211212549e-01 +2.211212549e-01 -2.502887875e+01 -2.502887875e+01 +3.6367e+00 +1.6549e-01
52 +4.873150763e-02 +4.873150763e-02 -2.520126849e+01 -2.520126849e+01 +3.4922e+00 +4.5135e-01
59 +4.275197309e-03 +4.275197309e-03 -2.524572480e+01 -2.524572480e+01 +3.5768e+00 +5.8173e-01
80 +2.264086529e-03 +2.264086529e-03 -2.524773591e+01 -2.524773591e+01 +3.6259e+00 +5.8903e-01
94 +5.275712937e-04 +5.275712937e-04 -2.524947243e+01 -2.524947243e+01 +3.6369e+00 +6.3038e-01
109 +2.794275855e-04 +2.794275855e-04 -2.524972057e+01 -2.524972057e+01 +3.5985e+00 +6.2993e-01
118 +4.814980835e-05 +4.814980835e-05 -2.524995185e+01 -2.524995185e+01 +3.6088e+00 +6.3105e-01
134 +3.163759217e-05 +3.163759217e-05 -2.524996836e+01 -2.524996836e+01 +3.6130e+00 +6.2974e-01
140 +1.843517249e-05 +1.843517249e-05 -2.524998156e+01 -2.524998156e+01 +3.6101e+00 +6.3477e-01
145 +1.093006438e-05 +1.093006438e-05 -2.524998907e+01 -2.524998907e+01 +3.6149e+00 +6.3193e-01
147 +6.876500379e-06 +6.876500379e-06 -2.524999312e+01 -2.524999312e+01 +3.6165e+00 +6.3358e-01
155 +3.160201164e-06 +3.160201164e-06 -2.524999684e+01 -2.524999684e+01 +3.6157e+00 +6.3395e-01
166 +1.057171879e-07 +1.057171879e-07 -2.524999989e+01 -2.524999989e+01 +3.6143e+00 +6.3549e-01
193 +1.911040215e-10 +1.911040215e-10 -2.525000000e+01 -2.525000000e+01 +3.6144e+00 +6.3521e-01
% function evaluation | noise-free fitness - Fopt (-1.336400000000e+02) | best noise-free fitness - Fopt | measured fitness | best measured fitness | x1 | x2...
1 +1.238626258e+02 +1.238626258e+02 -9.777374195e+00 -9.777374195e+00 -4.4767e+00 -4.4502e+00
4 +2.667368796e+01 +2.667368796e+01 -1.069663120e+02 -1.069663120e+02 +6.0427e+00 -6.1504e-01
8 +2.726460019e+00 +2.726460019e+00 -1.309135400e+02 -1.309135400e+02 +1.8699e+00 +2.6107e+00
16 +3.106107771e-01 +3.106107771e-01 -1.333293892e+02 -1.333293892e+02 +3.4805e+00 +4.1048e+00
30 +6.102229904e-02 +6.102229904e-02 -1.335789777e+02 -1.335789777e+02 +3.2483e+00 +3.4357e+00
54 +3.959594242e-02 +3.959594242e-02 -1.336004041e+02 -1.336004041e+02 +3.2558e+00 +3.4948e+00
56 +1.136952153e-02 +1.136952153e-02 -1.336286305e+02 -1.336286305e+02 +3.2511e+00 +3.6522e+00
70 +2.797817943e-03 +2.797817943e-03 -1.336372022e+02 -1.336372022e+02 +3.1879e+00 +3.6293e+00
92 +1.233053359e-03 +1.233053359e-03 -1.336387669e+02 -1.336387669e+02 +3.1797e+00 +3.6564e+00
99 +2.144471154e-04 +2.144471154e-04 -1.336397856e+02 -1.336397856e+02 +3.1553e+00 +3.6498e+00
103 +8.062070930e-05 +8.062070930e-05 -1.336399194e+02 -1.336399194e+02 +3.1510e+00 +3.6535e+00
113 +1.105104576e-05 +1.105104576e-05 -1.336399889e+02 -1.336399889e+02 +3.1481e+00 +3.6603e+00
139 +7.815275097e-06 +7.815275097e-06 -1.336399922e+02 -1.336399922e+02 +3.1467e+00 +3.6620e+00
140 +1.858616258e-06 +1.858616258e-06 -1.336399981e+02 -1.336399981e+02 +3.1440e+00 +3.6611e+00
162 +8.696553664e-07 +8.696553664e-07 -1.336399991e+02 -1.336399991e+02 +3.1440e+00 +3.6594e+00
170 +2.797829666e-07 +2.797829666e-07 -1.336399997e+02 -1.336399997e+02 +3.1453e+00 +3.6602e+00
182 +6.036424338e-08 +6.036424338e-08 -1.336399999e+02 -1.336399999e+02 +3.1449e+00 +3.6598e+00
189 +1.453952336e-08 +1.453952336e-08 -1.336400000e+02 -1.336400000e+02 +3.1449e+00 +3.6600e+00
205 +1.730342092e-09 +1.730342092e-09 -1.336400000e+02 -1.336400000e+02 +3.1448e+00 +3.6600e+00
% function evaluation | noise-free fitness - Fopt (-5.780000000000e+00) | best noise-free fitness - Fopt | measured fitness | best measured fitness | x1 | x2...
1 +3.603115276e+00 +3.603115276e+00 -2.176884724e+00 -2.176884724e+00 -3.8563e+00 -3.2229e+00
17 +1.333326536e+00 +1.333326536e+00 -4.446673464e+00 -4.446673464e+00 -3.2745e+00 -2.7594e+00
29 +1.028925793e-01 +1.028925793e-01 -5.677107421e+00 -5.677107421e+00 -2.6528e+00 -1.9927e+00
51 +6.950093561e-02 +6.950093561e-02 -5.710499064e+00 -5.710499064e+00 -2.6022e+00 -2.0275e+00
53 +1.796747798e-02 +1.796747798e-02 -5.762032522e+00 -5.762032522e+00 -2.3981e+00 -1.9545e+00
62 +9.335365014e-03 +9.335365014e-03 -5.770664635e+00 -5.770664635e+00 -2.4348e+00 -2.0462e+00
72 +1.756993991e-03 +1.756993991e-03 -5.778243006e+00 -5.778243006e+00 -2.3630e+00 -2.0398e+00
79 +9.990541002e-04 +9.990541002e-04 -5.779000946e+00 -5.779000946e+00 -2.3350e+00 -2.0463e+00
87 +3.403723502e-04 +3.403723502e-04 -5.779659628e+00 -5.779659628e+00 -2.3574e+00 -2.0886e+00
109 +2.190581407e-04 +2.190581407e-04 -5.779780942e+00 -5.779780942e+00 -2.3302e+00 -2.0697e+00
115 +5.373895926e-05 +5.373895926e-05 -5.779946261e+00 -5.779946261e+00 -2.3488e+00 -2.0816e+00
139 +3.150266229e-05 +3.150266229e-05 -5.779968497e+00 -5.779968497e+00 -2.3483e+00 -2.0745e+00
140 +1.850248940e-05 +1.850248940e-05 -5.779981498e+00 -5.779981498e+00 -2.3473e+00 -2.0781e+00
147 +7.730215994e-06 +7.730215994e-06 -5.779992270e+00 -5.779992270e+00 -2.3446e+00 -2.0744e+00
154 +3.848619364e-06 +3.848619364e-06 -5.779996151e+00 -5.779996151e+00 -2.3420e+00 -2.0752e+00
164 +2.119870760e-06 +2.119870760e-06 -5.779997880e+00 -5.779997880e+00 -2.3424e+00 -2.0780e+00
176 +2.205165339e-07 +2.205165339e-07 -5.779999779e+00 -5.779999779e+00 -2.3436e+00 -2.0771e+00
191 +5.430201000e-08 +5.430201000e-08 -5.779999946e+00 -5.779999946e+00 -2.3433e+00 -2.0770e+00
212 +2.659458076e-08 +2.659458076e-08 -5.779999973e+00 -5.779999973e+00 -2.3431e+00 -2.0769e+00
222 +1.480971790e-09 +1.480971790e-09 -5.779999999e+00 -5.779999999e+00 -2.3432e+00 -2.0768e+00
% function evaluation | noise-free fitness - Fopt (4.996000000000e+01) | best noise-free fitness - Fopt | measured fitness | best measured fitness | x1 | x2...
1 +4.651041611e+01 +4.651041611e+01 +9.647041611e+01 +9.647041611e+01 +4.8943e+00 -7.3501e-01
5 +2.505213866e+01 +2.505213866e+01 +7.501213866e+01 +7.501213866e+01 +2.4919e+00 -1.3963e+00
8 +6.217511945e+00 +6.217511945e+00 +5.617751195e+01 +5.617751195e+01 -1.8038e+00 +4.0865e+00
16 +3.817922438e+00 +3.817922438e+00 +5.377792244e+01 +5.377792244e+01 +4.3374e-01 +1.4071e+00
46 +2.060519501e+00 +2.060519501e+00 +5.202051950e+01 +5.202051950e+01 -3.6847e-01 +2.4812e+00
59 +1.328437575e+00 +1.328437575e+00 +5.128843757e+01 +5.128843757e+01 -2.6058e+00 +1.2542e+00
64 +8.967072205e-01 +8.967072205e-01 +5.085670722e+01 +5.085670722e+01 -1.5574e+00 +2.5561e+00
67 +1.688808109e-01 +1.688808109e-01 +5.012888081e+01 +5.012888081e+01 -1.3257e+00 +1.2429e+00
76 +2.059968885e-02 +2.059968885e-02 +4.998059969e+01 +4.998059969e+01 -1.5728e+00 +1.4816e+00
106 +1.135698232e-02 +1.135698232e-02 +4.997135698e+01 +4.997135698e+01 -1.5384e+00 +1.7130e+00
109 +5.576384526e-03 +5.576384526e-03 +4.996557638e+01 +4.996557638e+01 -1.5686e+00 +1.5647e+00
121 +1.398681298e-03 +1.398681298e-03 +4.996139868e+01 +4.996139868e+01 -1.5435e+00 +1.6263e+00
148 +4.792453237e-05 +4.792453237e-05 +4.996004792e+01 +4.996004792e+01 -1.5112e+00 +1.6171e+00
167 +6.985423333e-06 +6.985423333e-06 +4.996000699e+01 +4.996000699e+01 -1.5070e+00 +1.6098e+00
174 +2.549578014e-06 +2.549578014e-06 +4.996000255e+01 +4.996000255e+01 -1.5080e+00 +1.6107e+00
193 +1.154093688e-06 +1.154093688e-06 +4.996000115e+01 +4.996000115e+01 -1.5104e+00 +1.6097e+00
200 +5.475953770e-07 +5.475953770e-07 +4.996000055e+01 +4.996000055e+01 -1.5093e+00 +1.6097e+00
210 +2.156605348e-07 +2.156605348e-07 +4.996000022e+01 +4.996000022e+01 -1.5096e+00 +1.6099e+00
217 +2.378765629e-08 +2.378765629e-08 +4.996000002e+01 +4.996000002e+01 -1.5095e+00 +1.6103e+00
250 +1.092030999e-08 +1.092030999e-08 +4.996000001e+01 +4.996000001e+01 -1.5095e+00 +1.6105e+00
259 +2.355214690e-09 +2.355214690e-09 +4.996000000e+01 +4.996000000e+01 -1.5096e+00 +1.6104e+00
% function evaluation | noise-free fitness - Fopt (-1.266700000000e+02) | best noise-free fitness - Fopt | measured fitness | best measured fitness | x1 | x2...
1 +7.217515423e+00 +7.217515423e+00 -1.194524846e+02 -1.194524846e+02 -2.8066e+00 +2.8964e+00
10 +3.576064972e+00 +3.576064972e+00 -1.230939350e+02 -1.230939350e+02 -4.0864e+00 -5.4737e-01
20 +4.936080634e-01 +4.936080634e-01 -1.261763919e+02 -1.261763919e+02 -3.0719e+00 +2.2678e-01
27 +1.250304306e-01 +1.250304306e-01 -1.265449696e+02 -1.265449696e+02 -2.4520e+00 +5.8947e-01
31 +9.264934208e-02 +9.264934208e-02 -1.265773507e+02 -1.265773507e+02 -2.3349e+00 +5.4800e-01
51 +5.897881148e-03 +5.897881148e-03 -1.266641021e+02 -1.266641021e+02 -2.3042e+00 +2.0533e-01
73 +1.350950303e-03 +1.350950303e-03 -1.266686490e+02 -1.266686490e+02 -2.3491e+00 +2.1509e-01
75 +1.145636173e-04 +1.145636173e-04 -1.266698854e+02 -1.266698854e+02 -2.3599e+00 +2.5020e-01
112 +3.393814607e-05 +3.393814607e-05 -1.266699661e+02 -1.266699661e+02 -2.3746e+00 +2.4863e-01
120 +1.772424051e-05 +1.772424051e-05 -1.266699823e+02 -1.266699823e+02 -2.3736e+00 +2.4686e-01
126 +2.576346191e-06 +2.576346191e-06 -1.266699974e+02 -1.266699974e+02 -2.3683e+00 +2.4652e-01
137 +1.657031660e-06 +1.657031660e-06 -1.266699983e+02 -1.266699983e+02 -2.3709e+00 +2.4553e-01
140 +2.548140117e-07 +2.548140117e-07 -1.266699997e+02 -1.266699997e+02 -2.3691e+00 +2.4549e-01
167 +8.002575669e-08 +8.002575669e-08 -1.266699999e+02 -1.266699999e+02 -2.3693e+00 +2.4564e-01
169 +6.771443850e-09 +6.771443850e-09 -1.266700000e+02 -1.266700000e+02 -2.3696e+00 +2.4568e-01
% function evaluation | noise-free fitness - Fopt (7.427000000000e+01) | best noise-free fitness - Fopt | measured fitness | best measured fitness | x1 | x2...
1 +3.212878779e+01 +3.212878779e+01 +1.063987878e+02 +1.063987878e+02 +1.7264e+00 +3.5906e+00
6 +1.179469090e+01 +1.179469090e+01 +8.606469090e+01 +8.606469090e+01 +1.2191e+00 +1.1318e+00
9 +6.089526735e+00 +6.089526735e+00 +8.035952674e+01 +8.035952674e+01 +1.1528e+00 -9.3783e-01
16 +3.100793986e+00 +3.100793986e+00 +7.737079399e+01 +7.737079399e+01 -1.9123e+00 +4.4971e-01
31 +1.275508632e+00 +1.275508632e+00 +7.554550863e+01 +7.554550863e+01 -2.2857e+00 -1.7543e+00
38 +9.979616757e-01 +9.979616757e-01 +7.526796168e+01 +7.526796168e+01 -1.8966e+00 -2.0034e+00
63 +1.085469900e-01 +1.085469900e-01 +7.437854699e+01 +7.437854699e+01 -1.5763e+00 -1.0209e+00
76 +7.750372990e-02 +7.750372990e-02 +7.434750373e+01 +7.434750373e+01 -1.2142e+00 -9.3703e-01
82 +4.254731022e-02 +4.254731022e-02 +7.431254731e+01 +7.431254731e+01 -1.2343e+00 -1.0064e+00
88 +3.652471837e-02 +3.652471837e-02 +7.430652472e+01 +7.430652472e+01 -1.4911e+00 -1.2197e+00
100 +1.215394621e-02 +1.215394621e-02 +7.428215395e+01 +7.428215395e+01 -1.2068e+00 -1.1440e+00
111 +6.418894173e-03 +6.418894173e-03 +7.427641889e+01 +7.427641889e+01 -1.2454e+00 -1.2595e+00
116 +3.856184157e-04 +3.856184157e-04 +7.427038562e+01 +7.427038562e+01 -1.2815e+00 -1.1980e+00
133 +3.513886413e-05 +3.513886413e-05 +7.427003514e+01 +7.427003514e+01 -1.3033e+00 -1.2070e+00
161 +8.956088990e-06 +8.956088990e-06 +7.427000896e+01 +7.427000896e+01 -1.3013e+00 -1.2046e+00
177 +5.004970021e-06 +5.004970021e-06 +7.427000500e+01 +7.427000500e+01 -1.3028e+00 -1.2026e+00
183 +3.498689949e-06 +3.498689949e-06 +7.427000350e+01 +7.427000350e+01 -1.3017e+00 -1.2032e+00
190 +3.723006614e-07 +3.723006614e-07 +7.427000037e+01 +7.427000037e+01 -1.3014e+00 -1.2016e+00
202 +1.885987189e-07 +1.885987189e-07 +7.427000019e+01 +7.427000019e+01 -1.3005e+00 -1.2013e+00
223 +1.422899345e-07 +1.422899345e-07 +7.427000014e+01 +7.427000014e+01 -1.3004e+00 -1.2015e+00
230 +4.759030503e-09 +4.759030503e-09 +7.427000000e+01 +7.427000000e+01 -1.3008e+00 -1.2017e+00
% function evaluation | noise-free fitness - Fopt (-1.227000000000e+01) | best noise-free fitness - Fopt | measured fitness | best measured fitness | x1 | x2...
1 +3.650809532e+00 +3.650809532e+00 -8.619190468e+00 -8.619190468e+00 +2.8834e+00 -1.5756e+00
16 +2.402128930e+00 +2.402128930e+00 -9.867871070e+00 -9.867871070e+00 +2.1582e+00 -3.3182e+00
17 +1.455404846e+00 +1.455404846e+00 -1.081459515e+01 -1.081459515e+01 +2.6701e+00 -2.6842e+00
34 +7.582915960e-01 +7.582915960e-01 -1.151170840e+01 -1.151170840e+01 +3.7899e+00 -2.4323e+00
43 +1.917594447e-02 +1.917594447e-02 -1.225082406e+01 -1.225082406e+01 +3.5982e+00 -3.3836e+00
70 +4.013747799e-03 +4.013747799e-03 -1.226598625e+01 -1.226598625e+01 +3.7342e+00 -3.3569e+00
85 +3.343413828e-03 +3.343413828e-03 -1.226665659e+01 -1.226665659e+01 +3.7266e+00 -3.3539e+00
106 +2.108085042e-04 +2.108085042e-04 -1.226978919e+01 -1.226978919e+01 +3.7038e+00 -3.2853e+00
130 +1.378323294e-04 +1.378323294e-04 -1.226986217e+01 -1.226986217e+01 +3.6992e+00 -3.2914e+00
132 +6.709718171e-06 +6.709718171e-06 -1.226999329e+01 -1.226999329e+01 +3.7065e+00 -3.3013e+00
153 +2.937020369e-06 +2.937020369e-06 -1.226999706e+01 -1.226999706e+01 +3.7097e+00 -3.2990e+00
165 +1.104452126e-06 +1.104452126e-06 -1.226999890e+01 -1.226999890e+01 +3.7090e+00 -3.2988e+00
168 +6.075282499e-08 +6.075282499e-08 -1.226999994e+01 -1.226999994e+01 +3.7080e+00 -3.2994e+00
213 +3.460915110e-09 +3.460915110e-09 -1.227000000e+01 -1.227000000e+01 +3.7080e+00 -3.2992e+00
% function evaluation | noise-free fitness - Fopt (-8.140000000000e+01) | best noise-free fitness - Fopt | measured fitness | best measured fitness | x1 | x2...
1 +1.892871074e+01 +1.892871074e+01 -6.247128926e+01 -6.247128926e+01 -4.3983e-01 -3.7211e+00
5 +6.820993913e+00 +6.820993913e+00 -7.457900609e+01 -7.457900609e+01 -1.0410e+00 -1.0151e-01
7 +3.572554903e+00 +3.572554903e+00 -7.782744510e+01 -7.782744510e+01 +3.4180e+00 +4.8589e-01
25 +6.030801746e-01 +6.030801746e-01 -8.079691983e+01 -8.079691983e+01 +9.2838e-01 -3.0973e-01
54 +2.536344312e-01 +2.536344312e-01 -8.114636557e+01 -8.114636557e+01 +1.8416e+00 -2.7376e-01
61 +4.897544907e-02 +4.897544907e-02 -8.135102455e+01 -8.135102455e+01 +1.3447e+00 +1.9751e-01
70 +1.916448475e-04 +1.916448475e-04 -8.139980836e+01 -8.139980836e+01 +1.5468e+00 +1.4941e-01
107 +1.378866517e-04 +1.378866517e-04 -8.139986211e+01 -8.139986211e+01 +1.5687e+00 +1.5014e-01
114 +8.574776295e-05 +8.574776295e-05 -8.139991425e+01 -8.139991425e+01 +1.5596e+00 +1.5245e-01
125 +3.537923354e-05 +3.537923354e-05 -8.139996462e+01 -8.139996462e+01 +1.5602e+00 +1.3734e-01
143 +1.658279767e-05 +1.658279767e-05 -8.139998342e+01 -8.139998342e+01 +1.5574e+00 +1.3953e-01
149 +6.937363139e-06 +6.937363139e-06 -8.139999306e+01 -8.139999306e+01 +1.5617e+00 +1.4242e-01
150 +5.711765368e-06 +5.711765368e-06 -8.139999429e+01 -8.139999429e+01 +1.5615e+00 +1.4250e-01
151 +9.630455793e-07 +9.630455793e-07 -8.139999904e+01 -8.139999904e+01 +1.5587e+00 +1.4238e-01
179 +3.901228212e-07 +3.901228212e-07 -8.139999961e+01 -8.139999961e+01 +1.5597e+00 +1.4278e-01
181 +2.419793788e-07 +2.419793788e-07 -8.139999976e+01 -8.139999976e+01 +1.5591e+00 +1.4368e-01
195 +8.504429161e-08 +8.504429161e-08 -8.139999991e+01 -8.139999991e+01 +1.5589e+00 +1.4319e-01
200 +1.857912935e-09 +1.857912935e-09 -8.140000000e+01 -8.140000000e+01 +1.5592e+00 +1.4317e-01
% function evaluation | noise-free fitness - Fopt (-2.073900000000e+02) | best noise-free fitness - Fopt | measured fitness | best measured fitness | x1 | x2...
1 +1.384944702e+01 +1.384944702e+01 -1.935405530e+02 -1.935405530e+02 +5.5122e-01 -1.2164e+00
5 +5.779380968e+00 +5.779380968e+00 -2.016106190e+02 -2.016106190e+02 -2.8624e+00 -2.9385e+00
25 +3.222667896e-01 +3.222667896e-01 -2.070677332e+02 -2.070677332e+02 -3.6330e+00 -7.6698e-01
30 +1.211075759e-01 +1.211075759e-01 -2.072688924e+02 -2.072688924e+02 -2.8012e+00 -3.8589e-01
49 +2.104195199e-02 +2.104195199e-02 -2.073689580e+02 -2.073689580e+02 -2.9875e+00 -6.2558e-01
53 +1.164959808e-02 +1.164959808e-02 -2.073783504e+02 -2.073783504e+02 -3.1875e+00 -4.7247e-01
72 +9.751692729e-03 +9.751692729e-03 -2.073802483e+02 -2.073802483e+02 -3.1095e+00 -6.4595e-01
84 +2.015728557e-03 +2.015728557e-03 -2.073879843e+02 -2.073879843e+02 -3.1235e+00 -5.8989e-01
95 +9.664863086e-04 +9.664863086e-04 -2.073890335e+02 -2.073890335e+02 -3.1363e+00 -5.6312e-01
106 +5.978408468e-04 +5.978408468e-04 -2.073894022e+02 -2.073894022e+02 -3.0906e+00 -5.3181e-01
131 +3.078778990e-04 +3.078778990e-04 -2.073896921e+02 -2.073896921e+02 -3.1214e+00 -5.3425e-01
133 +4.467735050e-05 +4.467735050e-05 -2.073899553e+02 -2.073899553e+02 -3.1138e+00 -5.5243e-01
142 +7.484317479e-06 +7.484317479e-06 -2.073899925e+02 -2.073899925e+02 -3.1121e+00 -5.4820e-01
165 +2.684927864e-06 +2.684927864e-06 -2.073899973e+02 -2.073899973e+02 -3.1100e+00 -5.4880e-01
169 +1.991292038e-07 +1.991292038e-07 -2.073899998e+02 -2.073899998e+02 -3.1093e+00 -5.4691e-01
200 +6.476571457e-08 +6.476571457e-08 -2.073899999e+02 -2.073899999e+02 -3.1094e+00 -5.4706e-01
203 +2.898937623e-08 +2.898937623e-08 -2.073900000e+02 -2.073900000e+02 -3.1095e+00 -5.4734e-01
220 +2.317122494e-08 +2.317122494e-08 -2.073900000e+02 -2.073900000e+02 -3.1097e+00 -5.4730e-01
231 +2.940197419e-09 +2.940197419e-09 -2.073900000e+02 -2.073900000e+02 -3.1096e+00 -5.4724e-01
% function evaluation | noise-free fitness - Fopt (-9.524000000000e+01) | best noise-free fitness - Fopt | measured fitness | best measured fitness | x1 | x2...
1 +2.102381683e+01 +2.102381683e+01 -7.421618317e+01 -7.421618317e+01 +1.8138e+00 -3.8844e+00
3 +1.277579784e+01 +1.277579784e+01 -8.246420216e+01 -8.246420216e+01 +5.5133e+00 -6.2117e-01
9 +8.703656575e+00 +8.703656575e+00 -8.653634343e+01 -8.653634343e+01 +3.6553e+00 +3.2441e+00
26 +4.759994525e+00 +4.759994525e+00 -9.048000548e+01 -9.048000548e+01 +2.8411e-02 +1.0067e+00
29 +1.744087165e+00 +1.744087165e+00 -9.349591283e+01 -9.349591283e+01 +8.9830e-01 +9.7693e-01
49 +6.067302426e-01 +6.067302426e-01 -9.463326976e+01 -9.463326976e+01 +1.5516e+00 +1.1371e+00
51 +1.736011015e-01 +1.736011015e-01 -9.506639890e+01 -9.506639890e+01 +2.5731e+00 +5.3052e-01
62 +1.018723807e-01 +1.018723807e-01 -9.513812762e+01 -9.513812762e+01 +1.9233e+00 +8.6637e-01
69 +3.255289058e-02 +3.255289058e-02 -9.520744711e+01 -9.520744711e+01 +2.0851e+00 +5.3627e-01
84 +1.869578066e-02 +1.869578066e-02 -9.522130422e+01 -9.522130422e+01 +2.2474e+00 +8.0799e-01
89 +3.308567377e-03 +3.308567377e-03 -9.523669143e+01 -9.523669143e+01 +2.2033e+00 +7.4058e-01
109 +1.853257861e-03 +1.853257861e-03 -9.523814674e+01 -9.523814674e+01 +2.2092e+00 +7.2214e-01
119 +1.536213195e-03 +1.536213195e-03 -9.523846379e+01 -9.523846379e+01 +2.2050e+00 +7.2008e-01
130 +9.117307028e-04 +9.117307028e-04 -9.523908827e+01 -9.523908827e+01 +2.2153e+00 +6.9450e-01
133 +1.077612558e-04 +1.077612558e-04 -9.523989224e+01 -9.523989224e+01 +2.1914e+00 +6.7650e-01
134 +2.446902447e-05 +2.446902447e-05 -9.523997553e+01 -9.523997553e+01 +2.1816e+00 +6.8438e-01
161 +6.018999343e-06 +6.018999343e-06 -9.523999398e+01 -9.523999398e+01 +2.1862e+00 +6.8804e-01
174 +6.754358424e-07 +6.754358424e-07 -9.523999932e+01 -9.523999932e+01 +2.1857e+00 +6.8605e-01
202 +3.055813096e-07 +3.055813096e-07 -9.523999969e+01 -9.523999969e+01 +2.1869e+00 +6.8534e-01
221 +3.005534666e-08 +3.005534666e-08 -9.523999997e+01 -9.523999997e+01 +2.1865e+00 +6.8548e-01
230 +9.358544162e-09 +9.358544162e-09 -9.523999999e+01 -9.523999999e+01 +2.1863e+00 +6.8568e-01
% function evaluation | noise-free fitness - Fopt (-1.589200000000e+02) | best noise-free fitness - Fopt | measured fitness | best measured fitness | x1 | x2...
1 +2.757350339e+01 +2.757350339e+01 -1.313464966e+02 -1.313464966e+02 -2.1636e+00 +2.9003e+00
3 +1.615834611e+01 +1.615834611e+01 -1.427616539e+02 -1.427616539e+02 -1.4745e+00 -6.1588e-01
8 +4.930905391e-01 +4.930905391e-01 -1.584269095e+02 -1.584269095e+02 +1.8041e+00 +6.7508e-01
12 +3.906381011e-01 +3.906381011e-01 -1.585293619e+02 -1.585293619e+02 +2.2525e+00 +9.5131e-01
40 +1.711847699e-01 +1.711847699e-01 -1.587488152e+02 -1.587488152e+02 +2.0673e+00 +5.5525e-01
56 +6.216452614e-04 +6.216452614e-04 -1.589193784e+02 -1.589193784e+02 +2.4037e+00 +3.4282e-01
105 +2.778329935e-04 +2.778329935e-04 -1.589197222e+02 -1.589197222e+02 +2.4107e+00 +3.4879e-01
109 +2.497500215e-04 +2.497500215e-04 -1.589197502e+02 -1.589197502e+02 +2.4133e+00 +3.4359e-01
111 +6.802140786e-05 +6.802140786e-05 -1.589199320e+02 -1.589199320e+02 +2.4285e+00 +3.4306e-01
115 +5.911099001e-05 +5.911099001e-05 -1.589199409e+02 -1.589199409e+02 +2.4228e+00 +3.5747e-01
132 +1.537964778e-05 +1.537964778e-05 -1.589199846e+02 -1.589199846e+02 +2.4233e+00 +3.5100e-01
153 +3.250755213e-06 +3.250755213e-06 -1.589199967e+02 -1.589199967e+02 +2.4255e+00 +3.5187e-01
162 +3.512105025e-07 +3.512105025e-07 -1.589199996e+02 -1.589199996e+02 +2.4276e+00 +3.5167e-01
175 +2.874557481e-08 +2.874557481e-08 -1.589200000e+02 -1.589200000e+02 +2.4272e+00 +3.5103e-01
184 +1.224123025e-09 +1.224123025e-09 -1.589200000e+02 -1.589200000e+02 +2.4272e+00 +3.5117e-01
