% function evaluation | noise-free fitness - Fopt (-9.210000000000e+00) | best noise-free fitness - Fopt | measured fitness | best measured fitness | x1 | x2...
1 +6.789356237e+01 +6.789356237e+01 +5.868356237e+01 +5.868356237e+01 +2.3239e+00 -1.5217e+00
2 +2.170866474e+01 +2.170866474e+01 +1.249866474e+01 +1.249866474e+01 +4.8365e+00 +2.8455e+00
3 +7.044495447e+00 +7.044495447e+00 -2.165504553e+00 -2.165504553e+00 -1.2071e+00 +4.9163e+00
119 +5.789963694e+00 +5.789963694e+00 -3.420036306e+00 -3.420036306e+00 +8.5461e-01 +4.8355e+00
202 +1.929595333e+00 +1.929595333e+00 -7.280404667e+00 -7.280404667e+00 +3.0704e+00 +5.3403e+00
332 +1.359404228e+00 +1.359404228e+00 -7.850595772e+00 -7.850595772e+00 +3.6406e+00 +5.5769e+00
382 +8.585738285e-01 +8.585738285e-01 -8.351426171e+00 -8.351426171e+00 +4.1414e+00 +5.7682e+00
409 +3.917997168e-01 +3.917997168e-01 -8.818200283e+00 -8.818200283e+00 +4.6082e+00 +5.5857e+00
445 +4.374285160e-02 +4.374285160e-02 -9.166257148e+00 -9.166257148e+00 +4.9563e+00 +7.0804e+00
451 +0.000000000e+00 +0.000000000e+00 -9.210000000e+00 -9.210000000e+00 +5.0694e+00 +6.7497e+00
% function evaluation | noise-free fitness - Fopt (6.559900000000e+02) | best noise-free fitness - Fopt | measured fitness | best measured fitness | x1 | x2...
1 +6.927750119e+01 +6.927750119e+01 +7.252675012e+02 +7.252675012e+02 -4.6181e+00 +9.6594e-01
3 +3.849527764e+01 +3.849527764e+01 +6.944852776e+02 +6.944852776e+02 +2.3885e+00 -1.4116e+00
5 +6.251014383e+00 +6.251014383e+00 +6.622410144e+02 +6.622410144e+02 +8.4025e-01 -4.7909e+00
108 +3.729700866e+00 +3.729700866e+00 +6.597197009e+02 +6.597197009e+02 +1.2703e+00 -5.1720e+00
255 +2.304360604e+00 +2.304360604e+00 +6.582943606e+02 +6.582943606e+02 +2.6956e+00 -5.4352e+00
355 +1.053867043e+00 +1.053867043e+00 +6.570438670e+02 +6.570438670e+02 +3.9461e+00 -5.6258e+00
405 +6.380914024e-01 +6.380914024e-01 +6.566280914e+02 +6.566280914e+02 +4.3619e+00 -5.6892e+00
418 +5.421943627e-01 +5.421943627e-01 +6.565321944e+02 +6.565321944e+02 +4.4578e+00 -5.8797e+00
455 +1.062954309e-01 +1.062954309e-01 +6.560962954e+02 +6.560962954e+02 +4.8937e+00 -5.6505e+00
461 +0.000000000e+00 +0.000000000e+00 +6.559900000e+02 +6.559900000e+02 +5.5348e+00 -5.4002e+00
% function evaluation | noise-free fitness - Fopt (6.671000000000e+01) | best noise-free fitness - Fopt | measured fitness | best measured fitness | x1 | x2...
1 +5.348677179e+01 +5.348677179e+01 +1.201967718e+02 +1.201967718e+02 -3.6914e-01 -1.1441e-01
2 +4.546005855e-01 +4.546005855e-01 +6.716460059e+01 +6.716460059e+01 -4.9985e+00 -4.9547e+00
134 +0.000000000e+00 +0.000000000e+00 +6.671000000e+01 +6.671000000e+01 -5.3707e+00 -5.1142e+00
% function evaluation | noise-free fitness - Fopt (9.416700000000e+02) | best noise-free fitness - Fopt | measured fitness | best measured fitness | x1 | x2...
1 +3.866944503e+01 +3.866944503e+01 +9.803394450e+02 +9.803394450e+02 -3.3940e+00 -1.2937e+00
2 +1.105842629e+01 +1.105842629e+01 +9.527284263e+02 +9.527284263e+02 -3.5197e-02 -4.3906e+00
43 +5.822106678e+00 +5.822106678e+00 +9.474921067e+02 +9.474921067e+02 -1.4712e+00 -4.7707e+00
52 +3.964802644e+00 +3.964802644e+00 +9.456348026e+02 +9.456348026e+02 -1.0352e+00 -5.0858e+00
130 +0.000000000e+00 +0.000000000e+00 +9.416700000e+02 +9.416700000e+02 -5.0940e+00 -5.5320e+00
% function evaluation | noise-free fitness - Fopt (-3.745000000000e+01) | best noise-free fitness - Fopt | measured fitness | best measured fitness | x1 | x2...
1 +9.510503598e+01 +9.510503598e+01 +5.765503598e+01 +5.765503598e+01 +7.2038e-01 -4.0825e+00
3 +1.005193747e+01 +1.005193747e+01 -2.739806253e+01 -2.739806253e+01 -1.8489e+00 +4.6797e+00
39 +7.428437249e+00 +7.428437249e+00 -3.002156275e+01 -3.002156275e+01 +2.2169e+00 +4.5355e+00
53 +5.848883017e+00 +5.848883017e+00 -3.160111698e+01 -3.160111698e+01 -8.4888e-01 +5.3301e+00
89 +2.549696381e+00 +2.549696381e+00 -3.490030362e+01 -3.490030362e+01 +2.5189e+00 +4.9931e+00
139 +2.263756679e+00 +2.263756679e+00 -3.518624332e+01 -3.518624332e+01 +2.7362e+00 +5.3227e+00
212 +1.282221342e+00 +1.282221342e+00 -3.616777866e+01 -3.616777866e+01 +3.7178e+00 +5.6965e+00
254 +9.861252446e-01 +9.861252446e-01 -3.646387476e+01 -3.646387476e+01 +4.0139e+00 +6.2855e+00
262 +6.053044514e-01 +6.053044514e-01 -3.684469555e+01 -3.684469555e+01 +4.3947e+00 +6.5207e+00
304 +0.000000000e+00 +0.000000000e+00 -3.745000000e+01 -3.745000000e+01 +5.0139e+00 +6.4120e+00
% function evaluation | noise-free fitness - Fopt (-2.665900000000e+02) | best noise-free fitness - Fopt | measured fitness | best measured fitness | x1 | x2...
1 +3.327900210e+01 +3.327900210e+01 -2.333109979e+02 -2.333109979e+02 +1.4968e+00 +2.3218e+00
8 +1.763157538e+01 +1.763157538e+01 -2.489584246e+02 -2.489584246e+02 -4.7483e+00 +3.2620e+00
22 +9.450444052e+00 +9.450444052e+00 -2.571395559e+02 -2.571395559e+02 +2.6963e+00 +4.8246e+00
88 +5.736409323e+00 +5.736409323e+00 -2.608535907e+02 -2.608535907e+02 -1.2625e+00 +4.8001e+00
108 +2.950739073e-01 +2.950739073e-01 -2.662949261e+02 -2.662949261e+02 -4.7049e+00 +5.0902e+00
288 +0.000000000e+00 +0.000000000e+00 -2.665900000e+02 -2.665900000e+02 -5.0956e+00 +5.3482e+00
% function evaluation | noise-free fitness - Fopt (3.528000000000e+01) | best noise-free fitness - Fopt | measured fitness | best measured fitness | x1 | x2...
1 +1.439144104e+01 +1.439144104e+01 +4.967144104e+01 +4.967144104e+01 -3.4387e+00 +3.7170e+00
8 +9.793839733e+00 +9.793839733e+00 +4.507383973e+01 +4.507383973e+01 -2.1834e+00 +4.3023e+00
10 +2.823521466e+00 +2.823521466e+00 +3.810352147e+01 +3.810352147e+01 -3.7895e+00 +4.8387e+00
71 +1.343997932e+00 +1.343997932e+00 +3.662399793e+01 +3.662399793e+01 -3.6560e+00 +5.1243e+00
101 +8.543324337e-01 +8.543324337e-01 +3.613433243e+01 +3.613433243e+01 -4.1457e+00 +5.4316e+00
157 +4.531945239e-01 +4.531945239e-01 +3.573319452e+01 +3.573319452e+01 -4.5468e+00 +5.5280e+00
208 +0.000000000e+00 +0.000000000e+00 +3.528000000e+01 +3.528000000e+01 -5.1400e+00 +5.3731e+00
% function evaluation | noise-free fitness - Fopt (-1.882300000000e+02) | best noise-free fitness - Fopt | measured fitness | best measured fitness | x1 | x2...
1 +3.438941701e+01 +3.438941701e+01 -1.538405830e+02 -1.538405830e+02 -3.4476e+00 +2.4058e+00
3 +1.187668253e+01 +1.187668253e+01 -1.763533175e+02 -1.763533175e+02 -1.4389e-02 +4.3138e+00
94 +7.386418411e+00 +7.386418411e+00 -1.808435816e+02 -1.808435816e+02 +2.2189e+00 +4.5395e+00
121 +5.667896050e+00 +5.667896050e+00 -1.825621039e+02 -1.825621039e+02 +2.1533e+00 +4.7179e+00
169 +3.838247763e+00 +3.838247763e+00 -1.843917522e+02 -1.843917522e+02 +1.1618e+00 +5.3147e+00
247 +1.666665023e+00 +1.666665023e+00 -1.865633350e+02 -1.865633350e+02 +3.3333e+00 +5.1726e+00
268 +1.094943006e+00 +1.094943006e+00 -1.871350570e+02 -1.871350570e+02 +3.9051e+00 +5.0353e+00
318 +9.948524502e-02 +9.948524502e-02 -1.881305148e+02 -1.881305148e+02 +4.9005e+00 +6.0308e+00
368 +0.000000000e+00 +0.000000000e+00 -1.882300000e+02 -1.882300000e+02 +5.8915e+00 +7.0217e+00
% function evaluation | noise-free fitness - Fopt (1.578500000000e+02) | best noise-free fitness - Fopt | measured fitness | best measured fitness | x1 | x2...
1 +9.077873876e+01 +9.077873876e+01 +2.486287388e+02 +2.486287388e+02 +2.6370e+00 +3.3142e+00
6 +1.734485333e+01 +1.734485333e+01 +1.751948533e+02 +1.751948533e+02 +6.5235e-01 -3.8308e+00
11 +1.022964017e+01 +1.022964017e+01 +1.680796402e+02 +1.680796402e+02 +9.9682e-01 -4.5767e+00
17 +6.448065314e+00 +6.448065314e+00 +1.642980653e+02 +1.642980653e+02 -4.0462e+00 -4.4506e+00
89 +6.131998662e+00 +6.131998662e+00 +1.639819987e+02 +1.639819987e+02 +1.5075e-01 -4.9019e+00
110 +3.741890141e+00 +3.741890141e+00 +1.615918901e+02 +1.615918901e+02 -1.2581e+00 -5.6463e+00
208 +2.213657935e+00 +2.213657935e+00 +1.600636579e+02 +1.600636579e+02 -2.7863e+00 -5.8666e+00
224 +1.169933202e+00 +1.169933202e+00 +1.590199332e+02 +1.590199332e+02 -4.0605e+00 -4.9770e+00
274 +9.681721084e-01 +9.681721084e-01 +1.588181721e+02 +1.588181721e+02 -4.0318e+00 -5.3259e+00
284 +4.785444666e-01 +4.785444666e-01 +1.583285445e+02 +1.583285445e+02 -4.5215e+00 -5.0812e+00
308 +2.136579350e-01 +2.136579350e-01 +1.580636579e+02 +1.580636579e+02 -4.7863e+00 -7.4193e+00
357 +0.000000000e+00 +0.000000000e+00 +1.578500000e+02 +1.578500000e+02 -5.3922e+00 -7.5426e+00
% function evaluation | noise-free fitness - Fopt (2.660000000000e+01) | best noise-free fitness - Fopt | measured fitness | best measured fitness | x1 | x2...
1 +1.414531250e+01 +1.414531250e+01 +4.074531250e+01 +4.074531250e+01 -2.4550e+00 +4.3310e+00
40 +5.196434470e+00 +5.196434470e+00 +3.179643447e+01 +3.179643447e+01 +1.6460e+00 +4.8158e+00
213 +3.601470266e+00 +3.601470266e+00 +3.020147027e+01 +3.020147027e+01 +1.3985e+00 +5.5008e+00
232 +1.828037629e+00 +1.828037629e+00 +2.842803763e+01 +2.842803763e+01 +3.1720e+00 +5.5371e+00
275 +2.516289321e-01 +2.516289321e-01 +2.685162893e+01 +2.685162893e+01 +4.7484e+00 +5.2860e+00
317 +2.121859608e-01 +2.121859608e-01 +2.681218596e+01 +2.681218596e+01 +4.7878e+00 +5.1159e+00
325 -7.105427358e-15 -7.105427358e-15 +2.660000000e+01 +2.660000000e+01 +5.5695e+00 +5.9814e+00
% function evaluation | noise-free fitness - Fopt (-5.035000000000e+01) | best noise-free fitness - Fopt | measured fitness | best measured fitness | x1 | x2...
1 +8.383248637e+01 +8.383248637e+01 +3.348248637e+01 +3.348248637e+01 -2.5013e+00 +2.6331e+00
4 +2.434531224e+01 +2.434531224e+01 -2.600468776e+01 -2.600468776e+01 -1.7108e+00 -3.2365e+00
12 +1.328041632e+01 +1.328041632e+01 -3.706958368e+01 -3.706958368e+01 -1.7066e+00 -4.3426e+00
18 +5.495128658e+00 +5.495128658e+00 -4.485487134e+01 -4.485487134e+01 +1.8713e+00 -4.7634e+00
68 +3.207053799e+00 +3.207053799e+00 -4.714294620e+01 -4.714294620e+01 +2.0007e+00 -4.9792e+00
229 +2.211853461e+00 +2.211853461e+00 -4.813814654e+01 -4.813814654e+01 +2.7881e+00 -6.6629e+00
279 +1.320076312e+00 +1.320076312e+00 -4.902992369e+01 -4.902992369e+01 +3.6799e+00 -7.1946e+00
312 +9.162317003e-01 +9.162317003e-01 -4.943376830e+01 -4.943376830e+01 +4.0838e+00 -6.7325e+00
329 +3.200763122e-01 +3.200763122e-01 -5.002992369e+01 -5.002992369e+01 +4.6799e+00 -6.5242e+00
345 +2.395068840e-01 +2.395068840e-01 -5.011049312e+01 -5.011049312e+01 +4.7605e+00 -5.1363e+00
356 +0.000000000e+00 +0.000000000e+00 -5.035000000e+01 -5.035000000e+01 +5.7114e+00 -5.3494e+00
% function evaluation | noise-free fitness - Fopt (1.117700000000e+02) | best noise-free fitness - Fopt | measured fitness | best measured fitness | x1 | x2...
1 +9.555391296e+00 +9.555391296e+00 +1.213253913e+02 +1.213253913e+02 -2.4909e+00 -4.2954e+00
143 +6.250009938e+00 +6.250009938e+00 +1.180200099e+02 +1.180200099e+02 +1.2500e+00 -5.5417e+00
305 +3.956614142e+00 +3.956614142e+00 +1.157266141e+02 +1.157266141e+02 -1.0434e+00 -5.0920e+00
408 +2.364252103e+00 +2.364252103e+00 +1.141342521e+02 +1.141342521e+02 -2.6357e+00 -7.3260e+00
473 +9.970333173e-01 +9.970333173e-01 +1.127670333e+02 +1.127670333e+02 -4.0030e+00 -7.2936e+00
523 +5.356709703e-02 +5.356709703e-02 +1.118235671e+02 +1.118235671e+02 -4.9464e+00 -8.2484e+00
555 -1.421085472e-14 -1.421085472e-14 +1.117700000e+02 +1.117700000e+02 -5.3642e+00 -8.2828e+00
% function evaluation | noise-free fitness - Fopt (7.752000000000e+01) | best noise-free fitness - Fopt | measured fitness | best measured fitness | x1 | x2...
1 +4.475588728e+01 +4.475588728e+01 +1.222758873e+02 +1.222758873e+02 -4.6025e-02 +1.0198e+00
5 +3.677762045e+01 +3.677762045e+01 +1.142976204e+02 +1.142976204e+02 +2.1632e+00 +2.0386e+00
7 +1.829048620e+01 +1.829048620e+01 +9.581048620e+01 +9.581048620e+01 +3.8316e+00 +4.0541e+00
17 +6.060015853e+00 +6.060015853e+00 +8.358001585e+01 +8.358001585e+01 -1.4061e-01 +4.8799e+00
67 +3.859388335e+00 +3.859388335e+00 +8.137938834e+01 +8.137938834e+01 -1.1406e+00 +5.6977e+00
85 +9.269122273e-01 +9.269122273e-01 +7.844691223e+01 +7.844691223e+01 -4.9606e+00 +4.9113e+00
135 -1.421085472e-14 -1.421085472e-14 +7.752000000e+01 +7.752000000e+01 -5.2451e+00 +5.0830e+00
% function evaluation | noise-free fitness - Fopt (-8.248000000000e+01) | best noise-free fitness - Fopt | measured fitness | best measured fitness | x1 | x2...
1 +7.578594102e+01 +7.578594102e+01 -6.694058976e+00 -6.694058976e+00 +4.3275e-02 +2.0829e+00
4 +5.716125998e+01 +5.716125998e+01 -2.531874002e+01 -2.531874002e+01 -4.3731e+00 -2.2118e-01
11 +1.564495342e+01 +1.564495342e+01 -6.683504658e+01 -6.683504658e+01 -3.9392e+00 -4.3294e+00
40 +9.672134382e+00 +9.672134382e+00 -7.280786562e+01 -7.280786562e+01 -3.8976e+00 -4.9226e+00
220 +4.098994542e+00 +4.098994542e+00 -7.838100546e+01 -7.838100546e+01 +1.5934e+00 -4.9308e+00
270 +3.788646788e+00 +3.788646788e+00 -7.869135321e+01 -7.869135321e+01 +1.2114e+00 -5.3754e+00
455 +1.989292340e+00 +1.989292340e+00 -8.049070766e+01 -8.049070766e+01 +3.0107e+00 -5.9508e+00
505 +1.275185416e+00 +1.275185416e+00 -8.120481458e+01 -8.120481458e+01 +3.7248e+00 -5.8910e+00
555 +6.625466543e-01 +6.625466543e-01 -8.181745335e+01 -8.181745335e+01 +4.3375e+00 -6.2338e+00
571 +3.784422839e-01 +3.784422839e-01 -8.210155772e+01 -8.210155772e+01 +4.6216e+00 -6.8337e+00
605 +0.000000000e+00 +0.000000000e+00 -8.248000000e+01 -8.248000000e+01 +5.0543e+00 -7.0482e+00
% function evaluation | noise-free fitness - Fopt (-9.730000000000e+01) | best noise-free fitness - Fopt | measured fitness | best measured fitness | x1 | x2...
1 +6.743280873e+01 +6.743280873e+01 -2.986719127e+01 -2.986719127e+01 +1.4962e+00 -1.3929e+00
2 +2.510903162e+01 +2.510903162e+01 -7.219096838e+01 -7.219096838e+01 -1.9269e+00 +3.1818e+00
5 +7.265729013e+00 +7.265729013e+00 -9.003427099e+01 -9.003427099e+01 +2.8892e+00 +4.4845e+00
72 +4.915661118e+00 +4.915661118e+00 -9.238433888e+01 -9.238433888e+01 +3.1131e+00 +4.6971e+00
122 +1.990303942e+00 +1.990303942e+00 -9.530969606e+01 -9.530969606e+01 +3.0097e+00 +5.0016e+00
177 +1.350330895e+00 +1.350330895e+00 -9.594966911e+01 -9.594966911e+01 +3.6497e+00 +6.0049e+00
227 +5.026981568e-01 +5.026981568e-01 -9.679730184e+01 -9.679730184e+01 +4.4973e+00 +6.2061e+00
277 +0.000000000e+00 +0.000000000e+00 -9.730000000e+01 -9.730000000e+01 +5.2624e+00 +6.3878e+00
