% function evaluation | noise-free fitness - Fopt (7.627000000000e+01) | best noise-free fitness - Fopt | measured fitness | best measured fitness | x1 | x2...
1 +2.252141419e+06 +2.252141419e+06 +2.252217689e+06 +2.252217689e+06 -3.2235e+00 -3.8676e+00
4 +1.624119181e+05 +1.624119181e+05 +1.624881881e+05 +1.624881881e+05 +4.5963e+00 -4.4524e+00
22 +9.614609186e+03 +9.614609186e+03 +9.690879186e+03 +9.690879186e+03 -2.9028e+00 -2.6357e+00
26 +1.026616147e+01 +1.026616147e+01 +8.653616147e+01 +8.653616147e+01 -4.0318e+00 -2.1722e+00
265 +6.631682268e+00 +6.631682268e+00 +8.290168227e+01 +8.290168227e+01 -3.4706e+00 -2.3497e+00
486 +1.952372973e+00 +1.952372973e+00 +7.822237297e+01 +7.822237297e+01 -2.0115e+00 -2.8102e+00
874 +2.732667203e-01 +2.732667203e-01 +7.654326672e+01 +7.654326672e+01 -1.3491e+00 -3.0208e+00
1307 +2.073042265e-01 +2.073042265e-01 +7.647730423e+01 +7.647730423e+01 -1.3487e+00 -3.0205e+00
2141 +1.258945951e-01 +1.258945951e-01 +7.639589460e+01 +7.639589460e+01 -1.2372e+00 -3.0561e+00
3561 +9.952941657e-02 +9.952941657e-02 +7.636952942e+01 +7.636952942e+01 -1.2346e+00 -3.0567e+00
% function evaluation | noise-free fitness - Fopt (-2.255000000000e+01) | best noise-free fitness - Fopt | measured fitness | best measured fitness | x1 | x2...
1 +5.124965125e+06 +5.124965125e+06 +5.124942575e+06 +5.124942575e+06 +2.4787e+00 -3.9354e+00
3 +1.628767191e+05 +1.628767191e+05 +1.628541691e+05 +1.628541691e+05 +4.2915e+00 -1.2986e+00
7 +8.522712072e+04 +8.522712072e+04 +8.520457072e+04 +8.520457072e+04 +4.7352e+00 -4.7145e+00
33 +6.053473892e+03 +6.053473892e+03 +6.030923892e+03 +6.030923892e+03 +2.0418e+00 +4.3916e+00
43 +3.282631393e+03 +3.282631393e+03 +3.260081393e+03 +3.260081393e+03 +4.9647e+00 -4.3197e+00
107 +3.264442697e+02 +3.264442697e+02 +3.038942697e+02 +3.038942697e+02 +4.8993e+00 -4.3650e+00
157 +1.118167985e+02 +1.118167985e+02 +8.926679848e+01 +8.926679848e+01 +4.9049e+00 -4.3516e+00
207 +9.572320011e+01 +9.572320011e+01 +7.317320011e+01 +7.317320011e+01 +4.9054e+00 -4.3505e+00
397 +4.964046086e+01 +4.964046086e+01 +2.709046086e+01 +2.709046086e+01 +4.9057e+00 -4.3340e+00
1488 +3.646639927e+01 +3.646639927e+01 +1.391639927e+01 +1.391639927e+01 +4.6153e+00 -3.4707e+00
% function evaluation | noise-free fitness - Fopt (1.366000000000e+01) | best noise-free fitness - Fopt | measured fitness | best measured fitness | x1 | x2...
1 +7.711496800e+06 +7.711496800e+06 +7.711510460e+06 +7.711510460e+06 +2.2064e+00 -8.2884e-02
7 +2.070491631e+03 +2.070491631e+03 +2.084151631e+03 +2.084151631e+03 -2.2727e+00 -2.1812e+00
57 +1.029696498e+03 +1.029696498e+03 +1.043356498e+03 +1.043356498e+03 -2.1810e+00 -2.1779e+00
195 +5.401829086e+01 +5.401829086e+01 +6.767829086e+01 +6.767829086e+01 -1.8678e+00 -1.5791e+00
347 +3.269688718e+01 +3.269688718e+01 +4.635688718e+01 +4.635688718e+01 -1.2807e+00 -6.2289e-01
397 +1.110081247e+01 +1.110081247e+01 +2.476081247e+01 +2.476081247e+01 -1.2945e+00 -6.3836e-01
904 +9.954550109e+00 +9.954550109e+00 +2.361455011e+01 +2.361455011e+01 -1.2249e+00 -5.2195e-01
% function evaluation | noise-free fitness - Fopt (9.378400000000e+02) | best noise-free fitness - Fopt | measured fitness | best measured fitness | x1 | x2...
1 +4.129612543e+05 +4.129612543e+05 +4.138990943e+05 +4.138990943e+05 -3.1674e+00 +1.5608e-01
10 +1.773444764e+05 +1.773444764e+05 +1.782823164e+05 +1.782823164e+05 -1.4740e+00 +9.5959e-01
11 +6.394119781e+04 +6.394119781e+04 +6.487903781e+04 +6.487903781e+04 -4.0932e+00 -2.8807e+00
25 +2.360205248e+04 +2.360205248e+04 +2.453989248e+04 +2.453989248e+04 -2.1784e+00 +3.4154e-01
39 +9.526972004e+03 +9.526972004e+03 +1.046481200e+04 +1.046481200e+04 -9.1974e-01 +2.7694e+00
75 +1.611976870e+03 +1.611976870e+03 +2.549816870e+03 +2.549816870e+03 -2.8677e+00 -3.9847e-01
200 +1.749163794e+02 +1.749163794e+02 +1.112756379e+03 +1.112756379e+03 -2.4145e+00 +2.1589e-01
312 +3.951202538e+01 +3.951202538e+01 +9.773520254e+02 +9.773520254e+02 -2.0295e+00 +8.5712e-01
323 +2.235702133e+01 +2.235702133e+01 +9.601970213e+02 +9.601970213e+02 -2.4072e+00 +2.4593e-01
609 +1.386508679e+01 +1.386508679e+01 +9.517050868e+02 +9.517050868e+02 -2.0960e+00 +7.4480e-01
872 +9.350572053e+00 +9.350572053e+00 +9.471905721e+02 +9.471905721e+02 -1.9671e+00 +9.4472e-01
2814 +6.302870896e+00 +6.302870896e+00 +9.441428709e+02 +9.441428709e+02 -1.6868e+00 +1.3868e+00
% function evaluation | noise-free fitness - Fopt (-7.872000000000e+01) | best noise-free fitness - Fopt | measured fitness | best measured fitness | x1 | x2...
1 +1.546178461e+05 +1.546178461e+05 +1.545391261e+05 +1.545391261e+05 +3.9797e+00 -5.0304e-01
11 +6.074038336e+04 +6.074038336e+04 +6.066166336e+04 +6.066166336e+04 +1.8549e+00 -2.2298e+00
18 +3.669759519e+04 +3.669759519e+04 +3.661887519e+04 +3.661887519e+04 -7.9529e-01 -4.6512e+00
27 +2.193814859e+03 +2.193814859e+03 +2.115094859e+03 +2.115094859e+03 +2.5337e+00 -1.9930e+00
210 +2.365656657e+02 +2.365656657e+02 +1.578456657e+02 +1.578456657e+02 +2.8094e+00 -1.8320e+00
211 +6.849816436e+01 +6.849816436e+01 -1.022183564e+01 -1.022183564e+01 +2.7727e+00 -1.8883e+00
219 +6.051065279e+01 +6.051065279e+01 -1.820934721e+01 -1.820934721e+01 +2.5001e+00 -2.0626e+00
311 +2.072516791e+01 +2.072516791e+01 -5.799483209e+01 -5.799483209e+01 +2.7509e+00 -1.8879e+00
391 +2.326881308e+00 +2.326881308e+00 -7.639311869e+01 -7.639311869e+01 +2.5731e+00 -2.0212e+00
558 +1.389829041e+00 +1.389829041e+00 -7.733017096e+01 -7.733017096e+01 +2.5629e+00 -2.0265e+00
1376 +8.919808581e-01 +8.919808581e-01 -7.782801914e+01 -7.782801914e+01 +2.6329e+00 -1.9770e+00
1530 +1.892072820e-01 +1.892072820e-01 -7.853079272e+01 -7.853079272e+01 +3.1164e+00 -1.6318e+00
2293 +1.154655317e-01 +1.154655317e-01 -7.860453447e+01 -7.860453447e+01 +3.2060e+00 -1.5678e+00
3136 +8.541094141e-02 +8.541094141e-02 -7.863458906e+01 -7.863458906e+01 +3.1772e+00 -1.5887e+00
% function evaluation | noise-free fitness - Fopt (1.151700000000e+02) | best noise-free fitness - Fopt | measured fitness | best measured fitness | x1 | x2...
1 +1.267746939e+07 +1.267746939e+07 +1.267758456e+07 +1.267758456e+07 -1.9707e+00 -2.1666e-01
4 +3.638976553e+06 +3.638976553e+06 +3.639091723e+06 +3.639091723e+06 -2.7559e+00 +3.3046e+00
6 +2.269620096e+06 +2.269620096e+06 +2.269735266e+06 +2.269735266e+06 +8.9487e-01 -5.1792e-01
9 +3.233721621e+05 +3.233721621e+05 +3.234873321e+05 +3.234873321e+05 +1.4658e+00 +2.2788e+00
23 +4.881544148e+04 +4.881544148e+04 +4.893061148e+04 +4.893061148e+04 +2.6633e-01 +2.4117e+00
50 +1.353437643e+04 +1.353437643e+04 +1.364954643e+04 +1.364954643e+04 +1.4636e+00 +1.1673e+00
71 +9.964951061e+03 +9.964951061e+03 +1.008012106e+04 +1.008012106e+04 -8.8146e-01 +3.9636e+00
83 +3.289469268e+03 +3.289469268e+03 +3.404639268e+03 +3.404639268e+03 -3.1610e-01 +3.3608e+00
171 +1.873111865e+01 +1.873111865e+01 +1.339011186e+02 +1.339011186e+02 -2.7676e-01 +3.3969e+00
1225 +1.103479377e+01 +1.103479377e+01 +1.262047938e+02 +1.262047938e+02 +9.0878e-01 +1.9907e+00
1559 +5.326412929e+00 +5.326412929e+00 +1.204964129e+02 +1.204964129e+02 +9.0536e-01 +1.9973e+00
% function evaluation | noise-free fitness - Fopt (-1.000000000000e+03) | best noise-free fitness - Fopt | measured fitness | best measured fitness | x1 | x2...
1 +1.606931484e+04 +1.606931484e+04 +1.506931484e+04 +1.506931484e+04 -1.4791e+00 +3.9048e+00
29 +1.444013569e+04 +1.444013569e+04 +1.344013569e+04 +1.344013569e+04 -1.9410e+00 +3.3823e+00
38 +4.642076606e+03 +4.642076606e+03 +3.642076606e+03 +3.642076606e+03 -2.6646e+00 +2.8319e+00
84 +3.127336217e+03 +3.127336217e+03 +2.127336217e+03 +2.127336217e+03 -3.0950e+00 +2.2997e+00
171 +2.047864084e+03 +2.047864084e+03 +1.047864084e+03 +1.047864084e+03 -3.5190e+00 +1.7793e+00
188 +1.448103198e+03 +1.448103198e+03 +4.481031977e+02 +4.481031977e+02 -3.0898e+00 +2.1559e+00
192 +1.976356108e+02 +1.976356108e+02 -8.023643892e+02 -8.023643892e+02 -4.2757e+00 +8.0613e-01
301 +3.054246254e+01 +3.054246254e+01 -9.694575375e+02 -9.694575375e+02 -3.6349e+00 +1.5713e+00
351 +1.348538539e+01 +1.348538539e+01 -9.865146146e+02 -9.865146146e+02 -3.6458e+00 +1.5614e+00
402 +8.184675836e+00 +8.184675836e+00 -9.918153242e+02 -9.918153242e+02 -3.7675e+00 +1.4219e+00
2200 +5.968278390e+00 +5.968278390e+00 -9.940317216e+02 -9.940317216e+02 -3.5211e+00 +1.7114e+00
% function evaluation | noise-free fitness - Fopt (1.092200000000e+02) | best noise-free fitness - Fopt | measured fitness | best measured fitness | x1 | x2...
1 +9.901780408e+05 +9.901780408e+05 +9.902872608e+05 +9.902872608e+05 -3.6866e+00 +2.7501e+00
9 +2.503448247e+05 +2.503448247e+05 +2.504540447e+05 +2.504540447e+05 +1.1328e+00 +8.7420e-01
15 +5.566998530e+04 +5.566998530e+04 +5.577920530e+04 +5.577920530e+04 -3.2448e+00 +1.4790e+00
25 +3.703085040e+04 +3.703085040e+04 +3.714007040e+04 +3.714007040e+04 +7.1361e-01 +1.2163e+00
31 +4.841741750e+03 +4.841741750e+03 +4.950961750e+03 +4.950961750e+03 +2.0561e+00 +1.3790e+00
37 +7.111849776e+02 +7.111849776e+02 +8.204049776e+02 +8.204049776e+02 +7.1401e-02 +1.4322e+00
75 +4.914283845e+02 +4.914283845e+02 +6.006483845e+02 +6.006483845e+02 +4.7871e-01 +1.4477e+00
122 +1.071523867e+02 +1.071523867e+02 +2.163723867e+02 +2.163723867e+02 +3.7171e-01 +1.4233e+00
131 +3.498952093e+00 +3.498952093e+00 +1.127189521e+02 +1.127189521e+02 +1.3320e-01 +1.4513e+00
501 +2.346045209e+00 +2.346045209e+00 +1.115660452e+02 +1.115660452e+02 +1.7499e-01 +1.4489e+00
1534 +9.990291606e-01 +9.990291606e-01 +1.102190292e+02 +1.102190292e+02 +6.0069e-01 +1.4160e+00
